1.0
0.9920467138290405
1.0
1.0
0.9999966621398926
1.0
1.0
0.9999964237213135
1.0
0.9969409108161926
0.999933123588562
0.999859094619751
0.9997398257255554
0.9294047355651855
1.0
1.0
1.0
0.9996930360794067
0.9999970197677612
0.9999176263809204
0.9984520673751831
0.9998161196708679
1.0
0.9999867677688599
1.0
0.9999693632125854
1.0
1.0
0.9999933242797852
0.9999997615814209
0.9773823618888855
0.9694815874099731
0.9999914169311523
1.0
0.9990757703781128
0.9002374410629272
0.9999938011169434
0.9999980926513672
0.9996951818466187
0.9992351531982422
1.0
1.0
1.0
1.0
1.0
1.0
0.9896474480628967
1.0
0.9963833093643188
1.0
0.9999504089355469
0.9999960660934448
0.998213529586792
1.0
1.0
0.9999996423721313
1.0
1.0
1.0
0.9866971373558044
1.0
1.0
0.9664778113365173
1.0
0.9997003078460693
1.0
0.9999973773956299
1.0
0.9969422221183777
1.0
1.0
1.0
0.9999935626983643
1.0
0.9996892213821411
0.9999347925186157
0.9898197054862976
1.0
0.99991774559021
0.9999991655349731
0.9811673760414124
1.0
0.9999285936355591
1.0
1.0
0.9950952529907227
0.999996542930603
0.9999974966049194
0.9969260096549988
0.9993569254875183
0.8287840485572815
1.0
0.999913215637207
1.0
1.0
0.9918261766433716
1.0
1.0
1.0
0.9440750479698181
0.999958872795105
0.9997630715370178
0.9991047978401184
0.9999964237213135
1.0
1.0
0.9999864101409912
1.0
0.9999990463256836
0.9996381998062134
0.9989249110221863
0.9999206066131592
1.0
1.0
0.999428927898407
0.9994754195213318
0.9993748068809509
0.9999723434448242
0.9999953508377075
0.9908320307731628
1.0
0.9999994039535522
0.9993676543235779
0.9999998807907104
1.0
1.0
0.9958360195159912
1.0
0.9999712705612183
0.9986081719398499
1.0
1.0
0.9997815489768982
1.0
0.9991806149482727
0.9999649524688721
0.9999902248382568
0.9987202882766724
1.0
0.9958078861236572
1.0
0.9999998807907104
1.0
0.9999521970748901
0.9970843195915222
0.9985485672950745
0.9997785687446594
1.0
0.999997615814209
1.0
1.0
1.0
1.0
1.0
0.9999879598617554
0.999460756778717
0.9999688863754272
1.0
0.9687590003013611
0.9923727512359619
1.0
0.999995231628418
1.0
1.0
1.0
0.9998620748519897
1.0
1.0
1.0
1.0
1.0
1.0
1.0
1.0
0.9999858140945435
0.9936624765396118
1.0
1.0
0.9999836683273315
0.9296247363090515
0.9999829530715942
0.999923825263977
0.9999997615814209
0.997572124004364
1.0
0.9979286193847656
1.0
1.0
1.0
1.0
0.9998037219047546
0.995905876159668
1.0
0.999995231628418
0.9997679591178894
0.9999998807907104
0.9999996423721313
0.9742677211761475
0.9896609783172607
0.9999399185180664
1.0
0.9990315437316895
0.9985092282295227
1.0
1.0
0.9999910593032837
0.9999382495880127
0.9999998807907104
0.9999998807907104
0.9698176980018616
0.9958360195159912
1.0
1.0
1.0
0.9999991655349731
0.9988238215446472
0.9999986886978149
1.0
1.0
0.9999905824661255
0.9872689247131348
0.9999898672103882
1.0
1.0
1.0
0.8819229602813721
1.0
1.0
1.0
1.0
1.0
1.0
0.9999277591705322
1.0
0.9999929666519165
0.9999992847442627
1.0
0.9996190071105957
0.9999990463256836
1.0
0.9991520643234253
0.998970627784729
1.0
1.0
0.9999998807907104
1.0
0.999983549118042
1.0
0.999964714050293
0.9999985694885254
1.0
1.0
0.9973810315132141
0.9996745586395264
1.0
0.9999544620513916
0.9996533393859863
0.9996484518051147
0.9999576807022095
1.0
1.0
1.0
0.9999719858169556
0.9764858484268188
1.0
1.0
1.0
0.9998904466629028
1.0
0.9999366998672485
0.9972142577171326
1.0
1.0
1.0
0.9997804760932922
0.9999908208847046
1.0
0.9999967813491821
0.999518632888794
1.0
1.0
1.0
1.0
1.0
0.9999995231628418
1.0
0.9999257326126099
0.9999699592590332
0.9989383816719055
1.0
0.9999856948852539
0.9999997615814209
1.0
0.9963282942771912
1.0
1.0
0.99671471118927
0.9999998807907104
0.9999995231628418
1.0
1.0
0.9996057152748108
0.9913766384124756
0.9984721541404724
1.0
1.0
1.0
0.9999980926513672
0.9997931122779846
0.9999991655349731
0.9999997615814209
1.0
0.9999163150787354
0.9999992847442627
1.0
1.0
0.9998781681060791
0.9998934268951416
1.0
0.9999998807907104
0.9183347821235657
1.0
1.0
0.9948697090148926
0.999906063079834
0.9999998807907104
0.9787852168083191
1.0
1.0
0.9999898672103882
1.0
0.9996471405029297
1.0
0.9999516010284424
0.9976346492767334
1.0
1.0
0.9999163150787354
1.0
1.0
1.0
1.0
1.0
1.0
0.9998284578323364
1.0
0.9962630867958069
1.0
0.9882404804229736
0.9999988079071045
0.9999969005584717
0.9999963045120239
1.0
0.999976396560669
1.0
0.9999991655349731
1.0
0.9999829530715942
0.9984991550445557
0.9999988079071045
1.0
1.0
0.999985933303833
0.9998695850372314
0.9999998807907104
1.0
0.9880605936050415
0.9999997615814209
0.9999997615814209
0.9999994039535522
1.0
0.9999991655349731
0.9928419589996338
1.0
0.9999998807907104
0.9999797344207764
1.0
1.0
0.9987943172454834
0.9999998807907104
1.0
1.0
1.0
1.0
0.9999372959136963
1.0
0.9999929666519165
0.9999998807907104
0.9992879033088684
0.9994452595710754
1.0
1.0
0.9995250701904297
0.9988657236099243
0.9999988079071045
0.9998999834060669
1.0
1.0
0.9999480247497559
1.0
1.0
0.9999489784240723
0.9994727969169617
0.9999933242797852
0.999969482421875
1.0
0.9998145699501038
0.9140629768371582
0.999941349029541
1.0
1.0
0.9676811099052429
0.9999856948852539
0.9999945163726807
0.9999585151672363
0.9996955394744873
1.0
1.0
0.9998513460159302
0.9995369911193848
1.0
1.0
1.0
1.0
1.0
1.0
0.9189968705177307
1.0
0.9999911785125732
1.0
0.9959724545478821
1.0
0.9925557971000671
1.0
0.9999881982803345
1.0
0.9999994039535522
1.0
0.9939635396003723
0.9999998807907104
1.0
1.0
0.9983555674552917
1.0
1.0
1.0
1.0
0.9996606111526489
0.9999639987945557
0.9999910593032837
0.9999744892120361
0.9907019138336182
0.999879002571106
1.0
1.0
0.9988859295845032
1.0
1.0
0.9975188970565796
0.9999998807907104
0.9990228414535522
1.0
1.0
0.9985584616661072
1.0
1.0
0.9996039271354675
1.0
0.9999505281448364
1.0
0.9999151229858398
0.9999957084655762
1.0
1.0
1.0
0.9999909400939941
0.9999997615814209
1.0
1.0
0.9133799076080322
1.0
0.9988100528717041
0.9999951124191284
0.9999433755874634
0.9998123049736023
0.987043559551239
0.9993614554405212
0.9997312426567078
1.0
0.9969244599342346
1.0
0.9996323585510254
1.0
1.0
1.0
0.9348130822181702
0.9998167157173157
0.9999998807907104
0.9999996423721313
0.9998886585235596
1.0
1.0
0.9997697472572327
0.9846137762069702
1.0
0.9961580634117126
1.0
0.9988890290260315
1.0
1.0
0.9999996423721313
0.9999997615814209
0.9999992847442627
0.9999995231628418
0.999873161315918
0.8964776992797852
0.9996875524520874
1.0
0.9999874830245972
0.9992340803146362
0.9998278617858887
0.9996955394744873
1.0
0.9999998807907104
0.9999998807907104
0.9999973773956299
0.9984520673751831
1.0
0.9918162226676941
1.0
1.0
1.0
1.0
1.0
0.9983388185501099
1.0
0.9999947547912598
1.0
1.0
0.9998582601547241
0.9986398816108704
0.9999996423721313
1.0
1.0
1.0
1.0
0.9999513626098633
0.9999998807907104
0.9999990463256836
0.9998072981834412
1.0
0.9999734163284302
0.9999998807907104
1.0
0.9968133568763733
1.0
1.0
0.9999891519546509
0.9999996423721313
0.9807327389717102
1.0
0.9992761015892029
1.0
0.9999866485595703
0.9999998807907104
0.9999978542327881
0.9999953508377075
1.0
1.0
1.0
1.0
1.0
1.0
0.9999773502349854
1.0
1.0
0.9999998807907104
0.9970843195915222
1.0
0.9998679161071777
1.0
0.9996936321258545
0.9966096878051758
0.9995001554489136
0.9974539875984192
0.9999997615814209
0.9996020197868347
1.0
0.9999996423721313
1.0
0.9998679161071777
0.9999997615814209
0.9997909665107727
0.9999995231628418
0.9999842643737793
0.9669529795646667
0.9993318915367126
0.9999908208847046
0.9999998807907104
1.0
0.968011200428009
0.9999433755874634
1.0
0.9999970197677612
0.9994924068450928
0.9678341746330261
0.999975323677063
0.9999682903289795
0.9998002648353577
1.0
0.9933502078056335
1.0
0.999985933303833
1.0
0.9985584616661072
0.9999964237213135
0.9999253749847412
0.9995158910751343
0.9993109703063965
1.0
0.9988752007484436
0.9999487400054932
1.0
1.0
1.0
1.0
0.9999967813491821
0.9999970197677612
0.9999973773956299
1.0
0.9964107871055603
0.9999997615814209
0.999981164932251
0.9999997615814209
1.0
1.0
1.0
1.0
0.9862979650497437
0.9999816417694092
1.0
1.0
0.9999954700469971
0.9999313354492188
0.9982247948646545
1.0
0.9999305009841919
0.9992526173591614
1.0
1.0
1.0
0.9999996423721313
0.9998300075531006
1.0
1.0
0.9999932050704956
0.9981305003166199
0.9967306852340698
1.0
1.0
1.0
0.9861295819282532
1.0
0.9991222023963928
0.9997419714927673
0.999432384967804
0.9763369560241699
1.0
1.0
1.0
1.0
0.9992340803146362
1.0
0.9999995231628418
0.9999744892120361
1.0
1.0
0.9999998807907104
1.0
0.9943482279777527
1.0
0.9619588255882263
1.0
0.7249172925949097
0.9999940395355225
1.0
0.9998600482940674
1.0
0.9999998807907104
0.37893441319465637
1.0
0.9525591135025024
1.0
0.9871556758880615
1.0
1.0
1.0
0.9999994039535522
0.9999992847442627
0.9989100694656372
0.9995904564857483
1.0
0.9999973773956299
1.0
1.0
1.0
0.9999994039535522
0.9991551637649536
0.9999998807907104
0.9999909400939941
1.0
0.9999146461486816
0.9976248145103455
1.0
0.999160647392273
0.9999871253967285
0.9999972581863403
0.9999998807907104
1.0
0.9875435829162598
0.9999747276306152
0.999640941619873
0.9997157454490662
0.9999934434890747
1.0
0.9999973773956299
1.0
0.9951935410499573
0.9999899864196777
1.0
1.0
0.9996763467788696
1.0
0.9999994039535522
1.0
0.9999996423721313
1.0
1.0
0.999995231628418
0.9999711513519287
0.9891622066497803
0.9998002648353577
1.0
0.9992792010307312
1.0
0.9997327923774719
1.0
0.9998675584793091
1.0
0.9999998807907104
1.0
0.9999878406524658
0.9999573230743408
0.9999998807907104
0.9999850988388062
0.9999924898147583
0.9998348951339722
0.9982024431228638
0.9999991655349731
0.9999887943267822
1.0
0.9999996423721313
0.9962383508682251
0.9999513626098633
0.999996542930603
0.9985442161560059
1.0
1.0
1.0
1.0
1.0
1.0
0.9965603947639465
1.0
1.0
0.9999958276748657
1.0
1.0
0.9999988079071045
0.9999948740005493
0.9999345541000366
0.9993508458137512
1.0
1.0
0.9999891519546509
1.0
0.999760091304779
1.0
1.0
0.9959724545478821
0.9999997615814209
0.9919971823692322
1.0
0.9997169375419617
1.0
0.9862979650497437
1.0
0.9999996423721313
0.9998636245727539
0.9999995231628418
1.0
1.0
0.9999996423721313
1.0
1.0
0.9994521737098694
0.9983723759651184
1.0
0.9991422891616821
1.0
1.0
0.9969409108161926
1.0
0.9999874830245972
0.9704414010047913
0.9999948740005493
1.0
0.9999043941497803
0.9999512434005737
0.9998818635940552
1.0
0.9999970197677612
1.0
0.9999980926513672
1.0
1.0
0.9999991655349731
0.9999707937240601
0.999956488609314
1.0
0.9999980926513672
1.0
1.0
0.993749737739563
0.9999998807907104
0.9997785687446594
1.0
0.9999997615814209
0.9999665021896362
1.0
0.9999997615814209
0.9975515007972717
0.9996334314346313
0.9908127188682556
1.0
0.9999961853027344
0.9701789021492004
0.995905876159668
1.0
1.0
1.0
1.0
1.0
0.9999366998672485
1.0
0.9997730851173401
0.9999898672103882
0.9954497218132019
0.9865221381187439
1.0
1.0
1.0
0.9969167709350586
0.9999985694885254
0.9999970197677612
0.9999995231628418
1.0
0.9999997615814209
0.9999997615814209
0.9999998807907104
0.9999998807907104
1.0
0.9682109951972961
0.9999306201934814
1.0
0.9997398257255554
1.0
1.0
1.0
0.9985800981521606
0.999760091304779
1.0
1.0
1.0
0.9728251695632935
0.9990228414535522
1.0
1.0
1.0
0.9998924732208252
0.9999998807907104
1.0
0.9999964237213135
0.9999620914459229
1.0
1.0
1.0
0.9999982118606567
1.0
0.9980693459510803
1.0
0.9999997615814209
1.0
0.9943972826004028
1.0
0.999969482421875
1.0
1.0
0.9999872446060181
0.9977813363075256
0.9999997615814209
1.0
1.0
0.999956488609314
0.9998791217803955
0.999984860420227
0.9976142644882202
1.0
1.0
1.0
0.9999043941497803
0.9577416181564331
0.9999990463256836
0.9999450445175171
1.0
0.9950811862945557
0.9998619556427002
1.0
1.0
0.9997654557228088
1.0
0.9999856948852539
1.0
0.9999788999557495
1.0
0.9999990463256836
0.9987490177154541
1.0
0.9999997615814209
0.9999990463256836
1.0
0.9999897480010986
1.0
0.9998921155929565
0.9995995163917542
1.0
0.9999785423278809
0.9998179078102112
1.0
1.0
0.9910578727722168
1.0
1.0
0.9999620914459229
1.0
0.9862979650497437
0.9928441643714905
0.9999971389770508
0.9999983310699463
0.9992732405662537
1.0
1.0
0.9999758005142212
1.0
0.9999555349349976
1.0
1.0
0.9944286346435547
0.9999103546142578
0.9999581575393677
1.0
0.9998884201049805
0.9999688863754272
0.9999635219573975
0.9986775517463684
1.0
1.0
0.9985768795013428
1.0
1.0
0.999997615814209
0.9999997615814209
0.9963854551315308
1.0
1.0
1.0
0.9999998807907104
0.999825656414032
1.0
0.9999929666519165
0.9999998807907104
0.9999668598175049
1.0
0.9991117119789124
0.9403853416442871
0.9999992847442627
1.0
0.9981904625892639
0.9999721050262451
1.0
1.0
0.9995145797729492
1.0
0.9999998807907104
0.9613758325576782
0.9999996423721313
1.0
0.9999982118606567
0.9942504167556763
1.0
0.9973847270011902
1.0
1.0
0.9957082271575928
0.9928979873657227
0.9994502663612366
1.0
1.0
1.0
0.9999488592147827
0.9995113611221313
1.0
1.0
1.0
1.0
1.0
1.0
1.0
0.9807755947113037
1.0
1.0
0.9999690055847168
0.9846787452697754
0.9219304323196411
0.9999717473983765
0.9999642372131348
1.0
1.0
0.9999998807907104
1.0
1.0
1.0
0.9916085600852966
0.9943972826004028
1.0
1.0
0.9921446442604065
0.9992402791976929
0.9999983310699463
0.9999045133590698
0.9999998807907104
0.9999991655349731
0.9996069073677063
0.9999657869338989
0.9999982118606567
1.0
1.0
0.9986421465873718
0.9997528195381165
1.0
0.9998679161071777
1.0
0.9999997615814209
1.0
1.0
0.9999858140945435
0.9866443276405334
0.9999995231628418
0.9999978542327881
1.0
0.9998109936714172
1.0
0.9999513626098633
1.0
1.0
1.0
0.9995120763778687
0.999213457107544
1.0
1.0
1.0
1.0
0.9996614456176758
0.9993318915367126
1.0
0.9998852014541626
0.9832404255867004
0.9999902248382568
0.9999986886978149
0.9998546838760376
0.9999998807907104
1.0
0.9996998310089111
0.9999786615371704
0.9946820139884949
1.0
0.9711629152297974
0.999997615814209
0.9999996423721313
0.9999991655349731
0.9971610307693481
0.9973604083061218
0.9999724626541138
0.9999971389770508
1.0
1.0
1.0
1.0
0.9961876273155212
0.9999568462371826
1.0
0.9998894929885864
0.9999998807907104
1.0
0.9999915361404419
1.0
0.9846787452697754
0.8887283205986023
0.9931252002716064
1.0
0.9999998807907104
0.9885596632957458
0.9999992847442627
1.0
0.999995231628418
0.9999964237213135
0.9939635396003723
0.9985028505325317
0.999026894569397
0.9997252821922302
0.9999997615814209
1.0
1.0
1.0
1.0
0.9999992847442627
0.9931556582450867
1.0
1.0
1.0
1.0
0.999607503414154
0.9999992847442627
0.9628776907920837
0.9999997615814209
0.9999486207962036
1.0
0.9991545677185059
0.9999960660934448
0.999901533126831
1.0
1.0
0.9974498152732849
1.0
0.9958456158638
0.997258186340332
0.9999768733978271
1.0
1.0
1.0
1.0
0.9961547255516052
0.9999996423721313
0.9956888556480408
1.0
0.9999991655349731
0.9999779462814331
0.9999998807907104
1.0
1.0
0.9999127388000488
0.9999979734420776
1.0
0.9998959302902222
1.0
0.8879666924476624
1.0
1.0
0.9999936819076538
0.9999792575836182
1.0
1.0
1.0
1.0
0.9998093247413635
0.9999998807907104
0.9999923706054688
0.9999974966049194
0.9978864789009094
1.0
0.9996274709701538
0.999984860420227
0.9999737739562988
1.0
0.9958128333091736
0.9989062547683716
0.9998692274093628
0.9988859295845032
1.0
0.999997615814209
0.999975323677063
0.999968409538269
1.0
0.9999450445175171
0.9999938011169434
1.0
1.0
1.0
0.9999144077301025
0.9998664855957031
1.0
0.9989125728607178
1.0
0.9996533393859863
1.0
0.9999995231628418
0.9981061220169067
1.0
0.9999719858169556
0.972857654094696
1.0
0.9899342656135559
0.999640941619873
1.0
0.9999998807907104
0.9998959302902222
0.9999393224716187
0.9998623132705688
1.0
0.9999908208847046
1.0
1.0
0.9918341636657715
1.0
1.0
1.0
1.0
0.9999997615814209
1.0
0.9446176290512085
0.9998886585235596
0.9999996423721313
1.0
0.9972153902053833
0.999537467956543
0.9763041138648987
1.0
0.9986119270324707
0.9998249411582947
1.0
0.9960046410560608
0.9999802112579346
0.9358076453208923
0.9999995231628418
1.0
0.9999998807907104
0.9955459833145142
0.999859094619751
0.9998575448989868
0.9999409914016724
0.9999958276748657
0.9996306896209717
0.999845027923584
1.0
1.0
1.0
0.9999699592590332
1.0
0.9999998807907104
1.0
1.0
0.9672746062278748
0.9615928530693054
0.9997605681419373
1.0
0.9999871253967285
0.999966025352478
1.0
1.0
0.9999992847442627
0.9695581197738647
1.0
0.9999997615814209
1.0
0.994726836681366
1.0
1.0
1.0
0.9999817609786987
1.0
1.0
0.9999997615814209
0.9953513145446777
0.9882376790046692
1.0
0.9990830421447754
0.9992140531539917
0.9999992847442627
1.0
1.0
1.0
0.9997281432151794
0.9988635778427124
1.0
1.0
0.9864466190338135
0.9998788833618164
1.0
0.9995617270469666
0.9998169541358948
0.9999986886978149
0.9982491731643677
1.0
0.9701752662658691
1.0
1.0
1.0
0.9999306201934814
0.9997842907905579
1.0
1.0
0.9999992847442627
1.0
0.9954804182052612
0.9999908208847046
1.0
0.9999978542327881
1.0
1.0
0.9999932050704956
0.999530553817749
0.9991403818130493
0.9899051785469055
0.9999722242355347
0.9972637891769409
1.0
1.0
0.9997909665107727
1.0
0.9999343156814575
0.9999991655349731
1.0
1.0
1.0
0.9990826845169067
0.9919191002845764
1.0
0.9998544454574585
1.0
0.9993109703063965
0.9999570846557617
0.9999799728393555
0.9878985285758972
0.9998934268951416
0.9999998807907104
1.0
0.9991772770881653
0.999975323677063
0.9999998807907104
0.9999982118606567
1.0
1.0
1.0
1.0
1.0
0.9999409914016724
1.0
0.9999758005142212
1.0
1.0
0.9999916553497314
1.0
1.0
1.0
1.0
0.9999912977218628
1.0
0.9999998807907104
0.999213457107544
1.0
0.9704414010047913
0.9999992847442627
0.9986171722412109
0.9998446702957153
0.9999912977218628
0.9996951818466187
0.9999985694885254
1.0
0.9999938011169434
0.9834428429603577
0.9999997615814209
0.9443037509918213
1.0
0.9953776597976685
1.0
0.9707033634185791
1.0
0.9995644688606262
1.0
0.9999802112579346
0.99997878074646
1.0
0.9999936819076538
1.0
0.9908320307731628
1.0
0.9999973773956299
0.9999967813491821
0.9999995231628418
0.9980331063270569
1.0
0.9995362758636475
0.9999991655349731
1.0
0.9999313354492188
0.9994636178016663
0.9999206066131592
0.9997679591178894
0.9997760653495789
1.0
0.9999997615814209
0.999026894569397
0.9928441643714905
1.0
1.0
0.9991710186004639
1.0
0.9950811862945557
0.9999792575836182
1.0
1.0
0.9998546838760376
1.0
0.9997065663337708
0.999964714050293
0.9999154806137085
0.9999943971633911
1.0
0.9989383816719055
0.9999878406524658
1.0
0.9910083413124084
0.9806166887283325
0.9999998807907104
0.9742677211761475
0.9997807145118713
1.0
0.999924898147583
0.999144434928894
1.0
0.9999940395355225
0.9999986886978149
1.0
1.0
1.0
0.9999990463256836
0.9937611222267151
1.0
1.0
1.0
1.0
1.0
1.0
0.9997697472572327
0.9920467138290405
0.9999603033065796
1.0
1.0
0.9999974966049194
0.9953776597976685
0.9994093179702759
1.0
0.9773527383804321
0.9999086856842041
1.0
0.9998613595962524
0.9999992847442627
1.0
0.9995989203453064
0.9999860525131226
0.9999408721923828
1.0
1.0
1.0
0.9991933703422546
0.9999561309814453
0.9998476505279541
1.0
1.0
0.9998905658721924
0.9998546838760376
0.9997298121452332
1.0
0.9999998807907104
0.9999995231628418
1.0
1.0
0.9999979734420776
0.9999973773956299
0.9993569254875183
1.0
1.0
0.9998688697814941
1.0
1.0
0.9999997615814209
0.9998722076416016
1.0
1.0
1.0
0.9999932050704956
0.9984074234962463
0.9999771118164062
1.0
1.0
0.9983388185501099
1.0
0.9885596632957458
1.0
0.999942421913147
0.9999854564666748
0.9919489622116089
1.0
1.0
0.8285380601882935
1.0
1.0
1.0
0.9999996423721313
1.0
0.9999663829803467
0.9999949932098389
0.9999969005584717
1.0
0.9999998807907104
0.9841533303260803
0.9999920129776001
1.0
0.9983484745025635
0.9999899864196777
1.0
1.0
1.0
1.0
0.993202805519104
0.9990527033805847
0.9999998807907104
0.9967198967933655
0.9999520778656006
0.9933717250823975
1.0
0.999976634979248
0.7239139080047607
1.0
1.0
0.9999990463256836
0.9999901056289673
1.0
0.9999704360961914
0.9998169541358948
1.0
1.0
1.0
0.9999887943267822
1.0
0.8329781293869019
0.9999876022338867
0.998250424861908
1.0
1.0
0.9999997615814209
0.998213529586792
0.9758248329162598
1.0
1.0
1.0
1.0
0.9999996423721313
1.0
1.0
0.9999586343765259
0.9999998807907104
1.0
1.0
0.999995231628418
0.9986775517463684
0.998931348323822
1.0
1.0
0.9999011754989624
0.9999403953552246
0.9989435076713562
1.0
1.0
0.9971840977668762
0.9994945526123047
0.9999983310699463
0.9999998807907104
0.9985554814338684
0.9679869413375854
1.0
0.9696155786514282
0.998645007610321
1.0
0.987281858921051
0.9999830722808838
0.9999971389770508
1.0
0.999993085861206
1.0
0.9998358488082886
1.0
0.9790756702423096
1.0
0.9998366832733154
0.9999992847442627
1.0
1.0
0.9999994039535522
0.9999970197677612
0.9999001026153564
0.999968409538269
1.0
0.9999982118606567
0.9998094439506531
0.999809205532074
0.9991994500160217
0.999991774559021
0.9999290704727173
1.0
0.9972200393676758
0.9999995231628418
0.9999641180038452
1.0
0.9696793556213379
0.9999867677688599
1.0
1.0
1.0
0.9999517202377319
1.0
1.0
0.9999690055847168
1.0
0.9995613694190979
1.0
0.9999979734420776
1.0
0.9998526573181152
0.9999998807907104
0.9998620748519897
1.0
0.9998914003372192
0.9996930360794067
1.0
0.9998024106025696
0.9999656677246094
1.0
1.0
0.9377383589744568
0.9998353719711304
0.9999998807907104
0.9997859597206116
0.9998525381088257
0.9998785257339478
0.9176855683326721
1.0
1.0
1.0
0.999984860420227
0.9999996423721313
1.0
1.0
1.0
0.9999996423721313
1.0
1.0
0.9996678829193115
0.9097739458084106
0.9998788833618164
1.0
1.0
1.0
1.0
1.0
1.0
0.9782024025917053
0.999998927116394
1.0
1.0
0.9999649524688721
0.9999945163726807
1.0
1.0
1.0
1.0
1.0
0.9999998807907104
0.9999433755874634
0.9999934434890747
0.9999997615814209
1.0
0.9999916553497314
1.0
0.9999998807907104
0.9999994039535522
1.0
1.0
1.0
1.0
0.9161476492881775
0.9999920129776001
0.9964712858200073
0.9999370574951172
1.0
1.0
0.9994982481002808
1.0
0.9833948612213135
0.9990046620368958
0.9998353719711304
0.9999731779098511
0.9979687333106995
1.0
1.0
0.99988853931427
0.9995993971824646
0.9999998807907104
1.0
0.9999001026153564
1.0
0.9996902942657471
1.0
0.9998899698257446
0.9999842643737793
1.0
0.9999998807907104
1.0
0.999614953994751
1.0
0.9999278783798218
0.9998513460159302
0.9999998807907104
0.9963783621788025
0.9999939203262329
1.0
1.0
0.9999560117721558
0.9998898506164551
0.9999994039535522
0.9999996423721313
1.0
0.9977778792381287
1.0
0.9650253057479858
0.9716268181800842
0.9999953508377075
0.9880545735359192
1.0
1.0
0.9996944665908813
0.9995474219322205
0.9994727969169617
1.0
0.999994158744812
0.9999905824661255
0.9999746084213257
0.9999514818191528
1.0
1.0
0.9996589422225952
1.0
0.9999994039535522
0.9996970891952515
0.9999997615814209
1.0
0.9999237060546875
1.0
0.9999998807907104
0.9992140531539917
0.9999991655349731
0.9989985823631287
0.9998838901519775
1.0
0.9998619556427002
1.0
1.0
1.0
0.9999853372573853
0.9999994039535522
1.0
0.9999990463256836
1.0
0.9999920129776001
0.9997398257255554
1.0
0.9999668598175049
0.9999986886978149
0.9999998807907104
0.9998791217803955
0.9996871948242188
1.0
0.9999951124191284
0.999998927116394
1.0
1.0
1.0
0.9999996423721313
0.9974000453948975
1.0
1.0
1.0
1.0
0.9896474480628967
0.9999940395355225
1.0
0.9999996423721313
0.9821109175682068
0.9999994039535522
1.0
1.0
1.0
0.9999959468841553
1.0
0.9999997615814209
0.9999998807907104
0.9987748265266418
1.0
1.0
0.9999741315841675
0.9958316683769226
0.9931018352508545
0.9998476505279541
1.0
1.0
1.0
0.9999856948852539
0.9999711513519287
1.0
0.9982091188430786
0.9982982277870178
0.9999998807907104
0.9935302138328552
1.0
0.9998366832733154
1.0
0.9994255304336548
0.9999995231628418
0.9981125593185425
0.9994683861732483
1.0
0.9997883439064026
0.998777449131012
1.0
0.9994290471076965
0.9999970197677612
0.9999918937683105
0.9983818531036377
0.9999607801437378
1.0
0.9994945526123047
0.9997509121894836
0.9999974966049194
1.0
1.0
1.0
0.999825656414032
0.9993515610694885
0.9999986886978149
0.9982295632362366
0.9999463558197021
0.9999997615814209
0.999990701675415
0.9260892271995544
0.9999995231628418
0.9995259046554565
1.0
1.0
0.9998680353164673
0.9999998807907104
0.9999258518218994
1.0
0.9728067517280579
1.0
1.0
1.0
1.0
1.0
0.9999996423721313
0.9999570846557617
1.0
0.9999947547912598
1.0
0.9999998807907104
1.0
1.0
0.9999994039535522
0.9999998807907104
0.9999998807907104
1.0
1.0
1.0
1.0
1.0
1.0
1.0
1.0
1.0
0.9999998807907104
0.9999011754989624
0.9999971389770508
1.0
0.999998927116394
1.0
1.0
0.9999972581863403
0.9999682903289795
0.9999998807907104
1.0
0.9999712705612183
0.9999992847442627
0.9974844455718994
0.9999998807907104
1.0
0.9968363046646118
1.0
1.0
1.0
1.0
1.0
1.0
0.999373733997345
1.0
1.0
1.0
1.0
1.0
1.0
1.0
1.0
1.0
1.0
1.0
1.0
1.0
0.9999146461486816
1.0
0.9999887943267822
1.0
0.9998735189437866
0.9992513060569763
1.0
1.0
0.9998410940170288
0.9999054670333862
0.9980804920196533
1.0
1.0
0.999992847442627
0.9999997615814209
1.0
0.9999916553497314
1.0
1.0
1.0
1.0
1.0
0.9999970197677612
0.9851851463317871
1.0
0.999428927898407
0.9999997615814209
0.9999998807907104
1.0
0.9999537467956543
1.0
0.9996165037155151
0.9881845712661743
1.0
1.0
0.9999986886978149
1.0
1.0
1.0
0.9779495596885681
0.9999998807907104
0.9999994039535522
0.9943482279777527
0.9999998807907104
0.999883770942688
1.0
0.9936807155609131
0.9998041987419128
1.0
0.9999992847442627
0.9999978542327881
1.0
1.0
0.9999995231628418
1.0
0.999039351940155
0.9965603947639465
0.9999804496765137
1.0
1.0
1.0
0.9951057434082031
1.0
0.9998667240142822
1.0
1.0
0.9999899864196777
1.0
0.9999433755874634
0.9999115467071533
1.0
0.9996516704559326
1.0
1.0
1.0
0.9999997615814209
1.0
0.999998927116394
0.9885331392288208
0.9999964237213135
1.0
0.9999858140945435
0.9996671676635742
0.9996213912963867
0.9999842643737793
0.9992513060569763
1.0
1.0
0.9982795715332031
1.0
0.9998830556869507
1.0
0.9999895095825195
1.0
1.0
0.9978876709938049
0.9958316683769226
1.0
1.0
1.0
0.9976451992988586
0.9999719858169556
1.0
0.9999998807907104
0.9953468441963196
0.999398946762085
1.0
1.0
0.9999971389770508
0.992472767829895
1.0
1.0
1.0
0.9999996423721313
1.0
1.0
0.9999278783798218
0.9999998807907104
0.9693781733512878
0.9072599411010742
1.0
0.9689933061599731
0.9999946355819702
0.9995580315589905
0.9921032786369324
0.9995772242546082
1.0
0.9998513460159302
0.9999982118606567
0.9999889135360718
1.0
0.9999130964279175
1.0
0.9999880790710449
0.9928361773490906
0.9998127818107605
1.0
0.999804675579071
1.0
0.9990354776382446
1.0
0.9999549388885498
0.9995380640029907
0.9999963045120239
0.9996614456176758
1.0
0.9999934434890747
1.0
0.9973306655883789
0.9790017604827881
1.0
0.9999382495880127
0.9899929165840149
1.0
1.0
1.0
0.9999998807907104
1.0
0.9999852180480957
0.9991422891616821
0.9999994039535522
0.9994427561759949
0.9999967813491821
0.9979687333106995
1.0
0.9996315240859985
1.0
1.0
0.9999457597732544
0.9999934434890747
1.0
0.9953688979148865
0.9999293088912964
0.9996591806411743
1.0
1.0
1.0
1.0
0.9999990463256836
1.0
0.999998927116394
0.9991462230682373
1.0
0.9962383508682251
0.9999998807907104
0.999997615814209
0.9962854385375977
0.9999998807907104
1.0
1.0
1.0
1.0
0.9997407793998718
0.999991774559021
0.9998672008514404
0.9999508857727051
0.9999974966049194
0.9999977350234985
0.9989174604415894
0.9999994039535522
1.0
1.0
1.0
0.9993261098861694
1.0
0.9936624765396118
1.0
1.0
0.9999830722808838
0.994726836681366
0.9999969005584717
0.9996691942214966
0.9999898672103882
1.0
1.0
0.9999926090240479
0.9999985694885254
0.9996516704559326
0.9999988079071045
1.0
1.0
0.9999842643737793
0.9998525381088257
1.0
1.0
0.9999696016311646
1.0
0.994361162185669
1.0
0.9994171857833862
1.0
0.9985442161560059
0.9993791580200195
0.9999998807907104
0.9945153594017029
1.0
1.0
1.0
0.9999955892562866
0.9993515610694885
0.9999978542327881
0.9999998807907104
0.9999228715896606
1.0
0.9999885559082031
0.9999399185180664
0.9999929666519165
1.0
0.9995410442352295
0.999889612197876
1.0
1.0
1.0
1.0
1.0
0.9995629191398621
0.9532012939453125
0.999982476234436
1.0
1.0
0.9999980926513672
0.9997281432151794
1.0
0.9999996423721313
0.9999828338623047
1.0
0.9997548460960388
0.9995664954185486
0.9999730587005615
1.0
0.9999973773956299
0.9995287656784058
0.9992280006408691
1.0
1.0
1.0
1.0
1.0
0.9681201577186584
0.9991280436515808
1.0
1.0
0.9999779462814331
1.0
0.9999586343765259
1.0
0.9994359612464905
1.0
1.0
0.9999864101409912
0.9999967813491821
0.9927195310592651
0.9997106194496155
0.999969482421875
1.0
0.9996315240859985
0.9959753155708313
1.0
0.9999997615814209
1.0
0.9996591806411743
0.9623813033103943
1.0
1.0
0.9922997355461121
1.0
0.9998093247413635
0.9999586343765259
0.9999998807907104
1.0
0.9999998807907104
0.963007390499115
0.9999285936355591
0.9999954700469971
0.9999998807907104
0.9997418522834778
1.0
0.9999746084213257
1.0
0.9999974966049194
0.9999825954437256
0.9999997615814209
1.0
1.0
0.9999991655349731
0.9999995231628418
0.9999715089797974
0.9997392296791077
0.9999994039535522
0.9999997615814209
0.9999485015869141
1.0
0.9997418522834778
0.999930739402771
0.9999414682388306
1.0
0.9999982118606567
1.0
0.9999768733978271
0.9993910789489746
0.9988918900489807
0.9999998807907104
0.9889941811561584
1.0
0.9905114769935608
0.9999874830245972
1.0
0.9911598563194275
1.0
0.999744713306427
0.9999899864196777
1.0
0.9999926090240479
0.9999366998672485
1.0
1.0
1.0
0.999953031539917
0.9996637105941772
0.9999996423721313
1.0
1.0
0.9995613694190979
0.9999998807907104
1.0
1.0
1.0
0.994060218334198
0.9999998807907104
0.9928436875343323
0.9999998807907104
1.0
1.0
0.9998798370361328
1.0
0.9897789359092712
0.9988489151000977
1.0
0.9996352195739746
1.0
1.0
1.0
0.9999619722366333
0.9999990463256836
0.9876256585121155
0.9999994039535522
0.9999516010284424
1.0
0.9999994039535522
1.0
1.0
0.9999990463256836
1.0
1.0
1.0
1.0
1.0
1.0
0.9999991655349731
0.9999951124191284
0.9999940395355225
1.0
0.9999806880950928
0.9999929666519165
1.0
1.0
0.9998574256896973
0.9998047947883606
0.999632716178894
1.0
0.9998192191123962
0.9994290471076965
1.0
0.9995961785316467
1.0
1.0
1.0
0.9999657869338989
0.9971840977668762
0.9978731870651245
1.0
1.0
1.0
1.0
1.0
1.0
0.9973543882369995
0.9998667240142822
1.0
0.9999997615814209
1.0
0.9728321433067322
1.0
0.9999895095825195
0.9996310472488403
1.0
0.999933123588562
0.9999512434005737
1.0
0.9826985001564026
1.0
0.9999293088912964
0.9871011972427368
1.0
0.9998821020126343
1.0
1.0
0.9999300241470337
1.0
0.995854377746582
0.9588821530342102
1.0
0.9999699592590332
0.9982115030288696
0.9999997615814209
1.0
0.9999998807907104
0.9988890290260315
0.9999266862869263
0.9816969037055969
0.9999992847442627
1.0
1.0
1.0
0.9997392296791077
0.9999998807907104
0.9995285272598267
1.0
0.999997615814209
1.0
1.0
0.9994218349456787
0.9999387264251709
0.9999887943267822
1.0
1.0
0.9997451901435852
0.9999996423721313
1.0
1.0
0.9995487332344055
0.9999970197677612
1.0
0.9999767541885376
0.99997878074646
0.9996961355209351
0.9999995231628418
1.0
0.9999998807907104
0.9999892711639404
1.0
0.9588821530342102
1.0
1.0
0.996429979801178
1.0
0.9997431635856628
1.0
1.0
1.0
0.8403493165969849
1.0
1.0
1.0
1.0
1.0
0.9996069073677063
0.9999991655349731
1.0
0.9999344348907471
0.9998905658721924
1.0
0.9999219179153442
1.0
0.9999934434890747
0.9828832745552063
1.0
1.0
1.0
1.0
0.9999507665634155
0.9999958276748657
0.9999994039535522
1.0
0.9995285272598267
0.9999741315841675
0.9999998807907104
0.9999998807907104
1.0
0.9996902942657471
0.9998675584793091
1.0
0.9999988079071045
1.0
0.9999861717224121
0.999998927116394
0.9997157454490662
1.0
1.0
1.0
1.0
0.9997252821922302
1.0
0.9999992847442627
1.0
0.9999171495437622
0.9999949932098389
1.0
0.9952538013458252
0.9999974966049194
0.9997883439064026
1.0
0.9984984397888184
0.999953031539917
1.0
1.0
0.999997615814209
0.9999970197677612
0.9016040563583374
0.9994093179702759
1.0
0.9862979650497437
0.9997407793998718
0.9999970197677612
0.9998785257339478
1.0
1.0
0.9997883439064026
0.9999995231628418
1.0
0.9998691082000732
1.0
1.0
0.9070462584495544
0.9998179078102112
0.9999990463256836
0.9969922304153442
0.999998927116394
0.9999972581863403
0.9929559230804443
0.9928419589996338
1.0
1.0
0.9999980926513672
1.0
0.9982663989067078
0.9999889135360718
1.0
0.9998695850372314
0.9999873638153076
0.9999979734420776
0.9999020099639893
1.0
1.0
0.9998075366020203
1.0
1.0
0.9383042454719543
0.9998618364334106
1.0
1.0
0.9999994039535522
0.9985092282295227
1.0
1.0
0.910879373550415
1.0
0.9999945163726807
1.0
0.9999345541000366
1.0
0.9999881982803345
1.0
1.0
0.9999916553497314
0.9999949932098389
0.9999794960021973
0.9999878406524658
1.0
0.9987396597862244
1.0
0.9813599586486816
0.9266460537910461
1.0
1.0
0.9999098777770996
0.9999959468841553
0.9995587468147278
0.9881503582000732
0.9999784231185913
0.9941889047622681
0.9986775517463684
0.9818345904350281
0.9999940395355225
1.0
1.0
0.9989067316055298
0.9999539852142334
0.9961166381835938
0.9999741315841675
0.9999045133590698
0.9999830722808838
0.9999998807907104
1.0
0.999985933303833
0.9999750852584839
0.9999910593032837
0.992472767829895
0.9998838901519775
1.0
1.0
0.999982476234436
0.9998217225074768
1.0
1.0
0.999994158744812
0.9933433532714844
0.9997418522834778
0.9992707371711731
0.9999805688858032
1.0
0.9985594153404236
1.0
0.9999996423721313
1.0
1.0
0.9998613595962524
0.9999988079071045
0.999534010887146
0.982772946357727
0.9869758486747742
1.0
1.0
0.9981649518013
0.9999974966049194
0.9996302127838135
0.9999998807907104
0.999997615814209
0.9999788999557495
0.9995003938674927
0.9982115030288696
0.9989481568336487
1.0
1.0
1.0
1.0
0.9999983310699463
0.999760091304779
0.9997519850730896
1.0
1.0
0.9997842907905579
1.0
0.8556876182556152
1.0
1.0
1.0
0.9999953508377075
0.9999984502792358
0.9998123049736023
0.999373733997345
1.0
0.8887283205986023
0.9999992847442627
1.0
1.0
0.9999831914901733
1.0
0.9834038615226746
0.9981934428215027
0.9999998807907104
0.9999997615814209
1.0
0.999760091304779
0.9999810457229614
1.0
0.999977707862854
1.0
0.9963661432266235
0.9999653100967407
1.0
0.999602735042572
0.9999833106994629
0.9638584852218628
0.9996455907821655
1.0
1.0
0.9999862909317017
0.9995111227035522
0.99852055311203
1.0
0.9999986886978149
1.0
0.9999997615814209
1.0
0.9862188696861267
0.9999995231628418
0.9999996423721313
1.0
0.9999969005584717
1.0
1.0
1.0
0.9999953508377075
0.9995579123497009
0.9999935626983643
0.9997050166130066
1.0
0.9976142644882202
0.9999337196350098
0.9999932050704956
1.0
1.0
1.0
1.0
0.9999998807907104
0.9983300566673279
0.9999330043792725
0.9994702935218811
0.999895453453064
0.8874180912971497
0.9999990463256836
1.0
0.9999985694885254
0.9862086772918701
0.9997730851173401
1.0
0.9969422221183777
0.9997909665107727
1.0
0.998145580291748
0.999976634979248
0.9944777488708496
1.0
0.9996970891952515
1.0
1.0
0.9999253749847412
0.9999842643737793
1.0
1.0
0.9995030164718628
1.0
0.9993828535079956
1.0
1.0
1.0
0.9999970197677612
1.0
1.0
0.9999574422836304
0.9999574422836304
1.0
0.9999911785125732
0.999983549118042
0.9999996423721313
1.0
1.0
0.9999228715896606
0.9999860525131226
0.9999946355819702
0.9986477494239807
0.9999998807907104
0.9999998807907104
1.0
1.0
1.0
0.9999997615814209
0.9994081258773804
0.9993964433670044
1.0
0.9999973773956299
0.9981971383094788
1.0
1.0
0.9757635593414307
0.9979071617126465
0.9999994039535522
0.9983162879943848
0.999956488609314
0.9999661445617676
0.9993950128555298
1.0
0.9998986721038818
1.0
0.9918200969696045
0.9998214840888977
0.9145906567573547
1.0
0.9999970197677612
1.0
0.9999967813491821
1.0
1.0
0.9991682767868042
0.9894272685050964
1.0
0.9995657801628113
0.9999943971633911
1.0
0.999997615814209
1.0
1.0
0.9994799494743347
0.9999873638153076
1.0
1.0
1.0
0.9999963045120239
0.9839656352996826
0.9996800422668457
0.9999940395355225
0.9999997615814209
1.0
0.9999971389770508
0.9999992847442627
0.9992687106132507
0.9999986886978149
0.9999974966049194
0.9999926090240479
1.0
1.0
0.9947147965431213
1.0
0.9997792840003967
0.9999997615814209
1.0
0.9999719858169556
1.0
0.99678635597229
1.0
0.9998062252998352
0.9999997615814209
0.9996570348739624
1.0
0.9868524670600891
0.9999712705612183
1.0
0.9995740056037903
0.999427855014801
1.0
0.9935197234153748
1.0
0.999984860420227
0.9953427314758301
0.9999967813491821
0.9999990463256836
0.9996495246887207
0.9925487041473389
0.9991772770881653
1.0
1.0
0.9999995231628418
0.999767005443573
0.9999924898147583
0.9999985694885254
1.0
0.9999990463256836
0.9372504353523254
1.0
0.9999620914459229
0.9999998807907104
0.9994218349456787
1.0
0.9993937015533447
0.9999891519546509
1.0
1.0
0.9996798038482666
0.997256338596344
0.9994038343429565
1.0
0.9999661445617676
0.9999996423721313
0.9998204112052917
1.0
1.0
0.9999860525131226
1.0
0.9996975660324097
0.9999998807907104
0.999992847442627
1.0
1.0
0.9996021389961243
1.0
0.9998558759689331
0.9993352293968201
0.9998353719711304
0.9998908042907715
0.999432384967804
0.9999953508377075
0.9944603443145752
0.9998127818107605
1.0
0.980453372001648
0.9955247640609741
1.0
1.0
0.9989100694656372
1.0
1.0
0.9999971389770508
0.9999747276306152
0.9998107552528381
0.9999932050704956
0.9999990463256836
0.9950952529907227
0.9971639513969421
1.0
0.999976396560669
0.9965956807136536
0.999996542930603
1.0
0.9999535083770752
1.0
0.999638557434082
1.0
1.0
0.9999678134918213
1.0
0.9999009370803833
1.0
0.9999998807907104
0.9999818801879883
0.9997056126594543
1.0
0.9895080327987671
1.0
0.9994636178016663
0.999983549118042
0.9991846680641174
1.0
0.9993264675140381
0.9997797608375549
1.0
0.9590574502944946
0.9999544620513916
1.0
0.999784529209137
0.9973739385604858
1.0
1.0
0.9999176263809204
1.0
0.9997797608375549
0.9999998807907104
1.0
0.9932630658149719
1.0
0.973026692867279
1.0
0.9999998807907104
0.9999998807907104
0.9999998807907104
0.999771773815155
0.9999996423721313
1.0
1.0
1.0
0.9932830333709717
0.9999998807907104
0.9969791173934937
0.9888356328010559
1.0
1.0
0.9999951124191284
0.9999315738677979
0.9999996423721313
1.0
0.973026692867279
0.995604395866394
0.9999994039535522
1.0
1.0
0.9989603757858276
0.9975751042366028
1.0
0.9999997615814209
0.9988861680030823
1.0
1.0
0.999994158744812
0.999901533126831
0.9999938011169434
0.999998927116394
1.0
0.9900155663490295
0.9999923706054688
1.0
0.9999972581863403
0.9999991655349731
0.9982663989067078
0.9423190355300903
1.0
1.0
0.9998672008514404
1.0
1.0
0.9999997615814209
0.9999526739120483
0.9999274015426636
0.9996892213821411
0.9999967813491821
1.0
0.9377383589744568
1.0
0.9763004779815674
1.0
0.9999970197677612
1.0
1.0
1.0
1.0
1.0
0.9998571872711182
0.9999990463256836
0.9999901056289673
0.9994920492172241
1.0
0.9999994039535522
1.0
0.9895331263542175
1.0
0.9999669790267944
0.9999995231628418
0.9999998807907104
1.0
1.0
0.9821299910545349
0.9954663515090942
0.9999897480010986
1.0
1.0
0.9992792010307312
1.0
0.9999969005584717
1.0
0.9999886751174927
1.0
0.9999996423721313
1.0
1.0
0.9999663829803467
0.9861905574798584
1.0
1.0
0.999607503414154
1.0
0.9999967813491821
0.9899342656135559
1.0
0.9957321286201477
0.9999967813491821
0.9999881982803345
0.9773527383804321
1.0
1.0
1.0
1.0
0.9999115467071533
1.0
1.0
0.9898071885108948
0.9998546838760376
0.9977813363075256
0.9999982118606567
0.9999966621398926
1.0
0.9999827146530151
1.0
0.999998927116394
1.0
1.0
1.0
0.9999994039535522
1.0
0.9999871253967285
0.9999949932098389
0.9999939203262329
0.9999996423721313
1.0
1.0
0.9991413354873657
0.9999977350234985
0.9997056126594543
1.0
1.0
0.9996299743652344
1.0
1.0
0.9999966621398926
0.9997698664665222
1.0
1.0
0.9999920129776001
1.0
0.9999678134918213
1.0
0.9999986886978149
1.0
0.9999970197677612
0.9995664954185486
0.9999822378158569
0.9997679591178894
1.0
0.9999020099639893
1.0
0.9999997615814209
0.9639047980308533
1.0
0.9840402007102966
0.9999951124191284
1.0
1.0
0.9999933242797852
0.9999960660934448
0.9967198967933655
0.9999992847442627
1.0
1.0
1.0
0.9999990463256836
1.0
0.999728262424469
1.0
1.0
1.0
0.999638557434082
1.0
1.0
1.0
1.0
1.0
1.0
0.9991057515144348
0.9999990463256836
0.9999555349349976
1.0
0.997800886631012
1.0
1.0
0.998479425907135
1.0
0.999728262424469
0.9972628355026245
1.0
1.0
0.9999746084213257
0.9998047947883606
0.9999934434890747
1.0
1.0
0.9997424483299255
0.999998927116394
0.9974844455718994
0.9958199262619019
0.9833948612213135
0.9999816417694092
0.9933433532714844
1.0
0.9995989203453064
1.0
0.9999818801879883
0.9999954700469971
1.0
0.999398946762085
0.9995868802070618
1.0
1.0
0.9992769360542297
0.9999819993972778
0.999518632888794
0.9999991655349731
1.0
0.9996931552886963
0.9954223036766052
0.9998636245727539
0.999842643737793
1.0
1.0
1.0
0.8734644651412964
0.9977927207946777
1.0
0.999825656414032
0.9999479055404663
0.9989855885505676
0.9999823570251465
1.0
0.9999994039535522
0.9999175071716309
1.0
0.999468982219696
1.0
0.9438664317131042
0.9999998807907104
0.9999960660934448
0.9999996423721313
0.9994460940361023
0.9998974800109863
0.997647225856781
1.0
1.0
0.997848629951477
0.9999747276306152
1.0
0.9999984502792358
0.9999613761901855
1.0
0.9999147653579712
0.8937880992889404
0.9267843961715698
0.9999916553497314
1.0
0.9986734390258789
0.9841533303260803
0.9961467981338501
0.9999794960021973
1.0
0.9998558759689331
0.9999932050704956
1.0
1.0
1.0
0.9994250535964966
0.999923825263977
0.9999996423721313
0.9998574256896973
1.0
1.0
1.0
0.9999856948852539
0.9998249411582947
0.9998931884765625
0.9999932050704956
1.0
1.0
0.9999972581863403
0.997601330280304
0.9999986886978149
0.9998621940612793
0.9999977350234985
1.0
1.0
0.9999852180480957
0.9994558691978455
1.0
1.0
0.9356129169464111
0.9990757703781128
1.0
1.0
0.9999967813491821
0.9997645020484924
0.9999996423721313
0.9911778569221497
0.9989261031150818
0.9999949932098389
0.9999706745147705
0.9999984502792358
0.9985009431838989
0.9999953508377075
1.0
0.9948428273200989
1.0
1.0
0.9995362758636475
1.0
0.9864153265953064
0.9979071617126465
0.9995445609092712
0.9999988079071045
0.9998934268951416
0.9989585876464844
0.99744713306427
1.0
1.0
1.0
1.0
0.9999920129776001
1.0
1.0
1.0
1.0
0.999966025352478
0.9998688697814941
1.0
0.999975323677063
0.9999130964279175
0.9999997615814209
1.0
1.0
0.999974250793457
1.0
0.9999665021896362
1.0
1.0
0.9999983310699463
0.9998615980148315
0.9999990463256836
0.9999065399169922
0.9999147653579712
1.0
1.0
0.9515287280082703
0.9999945163726807
0.9998786449432373
1.0
1.0
0.9994502663612366
0.9998761415481567
0.9999433755874634
0.9999741315841675
0.9991280436515808
0.9978845715522766
0.9999829530715942
0.9981301426887512
0.9999995231628418
0.9999946355819702
1.0
0.9999967813491821
0.9999202489852905
0.9999911785125732
1.0
0.9999724626541138
0.9999464750289917
0.9999998807907104
1.0
0.9999092817306519
0.9999042749404907
0.9976710677146912
0.9294047355651855
1.0
0.9999521970748901
0.9994250535964966
0.9932065010070801
1.0
0.9999918937683105
1.0
1.0
1.0
0.9999943971633911
0.9324130415916443
0.9999971389770508
0.9999123811721802
0.9992412328720093
0.9162772297859192
1.0
0.9999933242797852
1.0
0.9999794960021973
0.9999997615814209
0.999845027923584
1.0
0.9998946189880371
0.999953031539917
0.9999983310699463
0.9999241828918457
1.0
0.9984068274497986
1.0
0.9999775886535645
0.9938528537750244
1.0
1.0
0.999992847442627
1.0
0.9999998807907104
0.9998956918716431
0.9999479055404663
0.9998558759689331
0.9167503118515015
0.9999973773956299
0.9999998807907104
0.9998062252998352
0.9696155786514282
0.9998990297317505
0.9999982118606567
0.9981061220169067
0.9993684887886047
0.9999704360961914
0.9965040683746338
0.9999984502792358
1.0
0.9431487917900085
0.9999927282333374
0.9895080327987671
1.0
0.9999991655349731
1.0
0.9999998807907104
1.0
1.0
0.9999958276748657
0.9999997615814209
1.0
0.9999990463256836
0.9999938011169434
0.9998075366020203
0.9995740056037903
1.0
1.0
0.999889612197876
1.0
1.0
1.0
1.0
0.9999998807907104
0.9999997615814209
0.9998847246170044
1.0
0.9999988079071045
1.0
1.0
0.9383042454719543
0.999984860420227
0.9999996423721313
1.0
0.9988657236099243
1.0
0.9984721541404724
0.9957029223442078
1.0
1.0
0.9999994039535522
0.9836819767951965
1.0
1.0
0.9999980926513672
1.0
0.9964680671691895
0.9999711513519287
1.0
0.9999969005584717
0.99988853931427
0.9999997615814209
0.9999257326126099
0.9999656677246094
0.9985405206680298
1.0
1.0
1.0
1.0
1.0
0.9997883439064026
1.0
0.9999958276748657
1.0
1.0
0.9999648332595825
0.9988918900489807
0.9997748732566833
0.9888356328010559
1.0
0.9999998807907104
1.0
0.9999797344207764
1.0
1.0
0.9999864101409912
1.0
1.0
0.9871011972427368
0.9999645948410034
0.9980769157409668
1.0
0.9999966621398926
0.9999995231628418
0.997800886631012
0.999950647354126
0.9969563484191895
0.9999982118606567
1.0
0.9999376535415649
1.0
0.9998284578323364
0.9998546838760376
0.9997254014015198
0.999889612197876
0.9710528254508972
0.9994376301765442
0.9999772310256958
0.9999771118164062
1.0
1.0
0.999984860420227
1.0
1.0
0.9999971389770508
1.0
0.9999910593032837
1.0
0.9998655319213867
0.9998551607131958
0.9998651742935181
0.983107328414917
1.0
1.0
1.0
0.9954864382743835
0.9999998807907104
0.9999737739562988
1.0
1.0
0.9999920129776001
1.0
1.0
0.9999011754989624
1.0
0.999464213848114
0.9999949932098389
0.9910083413124084
1.0
0.9861905574798584
0.9999916553497314
1.0
1.0
1.0
0.9999451637268066
0.9999998807907104
0.9999779462814331
0.9999779462814331
0.9999979734420776
0.9996205568313599
0.9999982118606567
0.999575674533844
1.0
1.0
1.0
1.0
0.9998360872268677
0.9999998807907104
1.0
1.0
1.0
0.9999998807907104
1.0
0.999995231628418
1.0
0.9999994039535522
0.9954864382743835
0.9790756702423096
0.9999995231628418
0.9999858140945435
0.9999998807907104
0.9956508278846741
1.0
1.0
0.9999994039535522
0.9999891519546509
1.0
1.0
0.9875435829162598
0.9999998807907104
0.9999998807907104
1.0
1.0
1.0
1.0
1.0
0.9911778569221497
1.0
1.0
0.9996871948242188
1.0
0.9993438124656677
1.0
1.0
1.0
1.0
0.9935302138328552
1.0
1.0
1.0
0.9999661445617676
0.9997175335884094
0.9999998807907104
1.0
1.0
0.9999995231628418
0.9999996423721313
0.999636173248291
0.9999513626098633
0.9998452663421631
1.0
0.9999998807907104
1.0
1.0
0.9999997615814209
0.9999988079071045
0.9881950616836548
0.9999984502792358
0.9999723434448242
0.9999998807907104
1.0
0.9999997615814209
0.9999967813491821
0.9995995163917542
0.9994171857833862
0.985877513885498
1.0
1.0
1.0
1.0
1.0
1.0
1.0
0.9999737739562988
0.9833356142044067
1.0
0.999460756778717
1.0
1.0
0.9864466190338135
1.0
0.9973496198654175
1.0
0.9999163150787354
1.0
1.0
1.0
0.999954104423523
0.9999998807907104
0.9988752007484436
0.999958872795105
0.9999948740005493
0.9829418063163757
0.9968133568763733
0.999977707862854
0.9999998807907104
0.9999914169311523
0.9511064887046814
1.0
0.999859094619751
1.0
1.0
1.0
0.9975827932357788
1.0
0.9922986626625061
1.0
1.0
0.9999830722808838
0.9996020197868347
0.9928979873657227
1.0
0.9999054670333862
0.9999998807907104
0.9963783621788025
0.997572124004364
0.9990635514259338
1.0
0.9999997615814209
0.9998112320899963
1.0
0.9999152421951294
1.0
1.0
0.9824967384338379
1.0
1.0
0.9999737739562988
0.9999874830245972
0.9982385635375977
0.9998365640640259
1.0
1.0
0.9999120235443115
0.9999990463256836
1.0
0.9999867677688599
1.0
0.9999414682388306
0.9999433755874634
1.0
0.9999996423721313
0.9999850988388062
1.0
1.0
1.0
0.9996057152748108
0.999906063079834
0.9985201954841614
0.9999717473983765
0.9995211362838745
1.0
0.9999799728393555
1.0
1.0
0.9999983310699463
1.0
1.0
0.9267815947532654
1.0
1.0
0.9999982118606567
0.999277651309967
1.0
1.0
1.0
0.9999923706054688
0.9998213648796082
1.0
0.9999984502792358
0.9995961785316467
0.9997034668922424
0.9999995231628418
0.9999486207962036
0.9999995231628418
1.0
1.0
1.0
0.9980990290641785
1.0
1.0
1.0
1.0
1.0
0.9999998807907104
0.9988735318183899
1.0
0.9999998807907104
1.0
0.9950684309005737
0.999530553817749
0.9999773502349854
0.9999935626983643
0.9999955892562866
1.0
0.9995096921920776
1.0
1.0
1.0
0.999489426612854
0.9999480247497559
0.9999216794967651
0.9999876022338867
1.0
0.9999616146087646
0.9999786615371704
0.9999606609344482
0.9997679591178894
1.0
0.9999997615814209
0.9999823570251465
0.9997760653495789
1.0
0.9999488592147827
0.9999305009841919
0.9999997615814209
1.0
0.9999406337738037
0.9999457597732544
1.0
0.9999747276306152
1.0
1.0
1.0
1.0
1.0
0.9571223855018616
1.0
0.9978876709938049
0.9999042749404907
1.0
0.9999996423721313
1.0
0.9999972581863403
0.999995231628418
0.9998656511306763
0.9962377548217773
1.0
1.0
1.0
1.0
1.0
1.0
1.0
0.9998513460159302
1.0
0.9999997615814209
0.9999996423721313
1.0
0.99671471118927
0.9990826845169067
0.9993508458137512
0.9982047080993652
0.9985373020172119
0.9999998807907104
1.0
1.0
1.0
0.9997668862342834
0.9999998807907104
0.9999995231628418
0.9999933242797852
0.9925557971000671
0.9995369911193848
0.9999043941497803
1.0
1.0
0.9999998807907104
0.9913470149040222
1.0
1.0
0.9986477494239807
1.0
1.0
0.9999985694885254
0.9999997615814209
1.0
1.0
0.9999994039535522
1.0
1.0
0.9985175728797913
1.0
1.0
0.9999998807907104
0.9999996423721313
1.0
1.0
0.9947059750556946
1.0
0.9999775886535645
0.9999586343765259
0.9999974966049194
0.9999866485595703
1.0
0.999776303768158
0.9999998807907104
1.0
0.9995904564857483
0.9999997615814209
0.999998927116394
1.0
1.0
1.0
0.9999607801437378
1.0
0.9786902666091919
1.0
1.0
1.0
0.9999451637268066
0.9922299981117249
1.0
1.0
1.0
1.0
1.0
0.9995001554489136
1.0
0.9998181462287903
0.8850695490837097
0.9999998807907104
1.0
0.9999586343765259
1.0
0.9999990463256836
1.0
0.9998167157173157
1.0
1.0
0.9965678453445435
1.0
1.0
0.9947801828384399
0.9992412328720093
0.9999997615814209
1.0
0.9908127188682556
1.0
0.9997588992118835
0.9990828037261963
0.9997327923774719
0.9999992847442627
0.9988054037094116
0.998777449131012
0.9999946355819702
1.0
0.9995155334472656
0.9999849796295166
1.0
0.9998249411582947
0.9999978542327881
1.0
0.9999979734420776
0.9971188306808472
1.0
1.0
1.0
0.9999841451644897
0.999144434928894
0.9999978542327881
0.9998249411582947
1.0
1.0
0.9999958276748657
0.9999970197677612
1.0
0.9999998807907104
1.0
0.9998607635498047
0.9999998807907104
0.9986728429794312
1.0
1.0
0.9999998807907104
1.0
1.0
1.0
1.0
0.9921270608901978
1.0
0.9916634559631348
0.9999481439590454
0.9997538924217224
1.0
0.9999992847442627
1.0
0.9965857267379761
1.0
0.9999927282333374
0.9999603033065796
1.0
0.9999967813491821
0.9999899864196777
0.9998107552528381
0.9995617270469666
1.0
0.9998112320899963
1.0
1.0
0.9999991655349731
0.9999997615814209
0.9595411419868469
0.9999377727508545
0.9998020529747009
0.998626708984375
0.999270498752594
1.0
0.9998664855957031
0.9980505704879761
1.0
1.0
0.9890011548995972
1.0
0.9994460940361023
0.9999998807907104
0.9988346695899963
0.9999216794967651
0.9999988079071045
0.9999895095825195
1.0
1.0
1.0
0.9999972581863403
0.99852055311203
0.9662894606590271
1.0
1.0
0.9999966621398926
0.9998204112052917
1.0
0.8961933255195618
0.9999001026153564
1.0
1.0
1.0
1.0
0.9992436170578003
1.0
0.9992408752441406
0.9999998807907104
1.0
1.0
1.0
0.9995610117912292
1.0
0.9999924898147583
0.9826985001564026
0.9999970197677612
0.9999680519104004
0.9999942779541016
0.9999997615814209
0.997150719165802
0.9996039271354675
1.0
0.9986016154289246
0.9931018352508545
0.9997441172599792
1.0
1.0
1.0
0.9996917247772217
0.9987396597862244
1.0
1.0
1.0
1.0
1.0
0.9999966621398926
0.9998303651809692
1.0
1.0
0.9999778270721436
1.0
1.0
0.9997573494911194
1.0
1.0
1.0
1.0
0.9999401569366455
1.0
0.9999998807907104
0.9999940395355225
1.0
1.0
1.0
1.0
0.9998852014541626
0.9999998807907104
1.0
1.0
0.9995096921920776
0.999941349029541
1.0
0.9999992847442627
1.0
1.0
0.999977707862854
1.0
0.9999995231628418
1.0
0.999845027923584
1.0
0.9999895095825195
0.9999991655349731
0.9999998807907104
1.0
1.0
1.0
0.9999998807907104
0.9913766384124756
1.0
0.9999998807907104
0.9999988079071045
1.0
1.0
1.0
0.9999998807907104
0.9946820139884949
1.0
1.0
0.9999998807907104
0.999889612197876
1.0
0.9999991655349731
0.9998427629470825
1.0
1.0
1.0
0.9999990463256836
1.0
0.9961087107658386
0.9999805688858032
0.9999998807907104
0.9999903440475464
1.0
1.0
1.0
1.0
1.0
1.0
1.0
1.0
0.9981232285499573
0.9999932050704956
0.9999759197235107
0.9999020099639893
1.0
1.0
0.9999758005142212
1.0
1.0
0.9990347623825073
1.0
0.9998446702957153
0.9999953508377075
1.0
1.0
0.9999998807907104
0.9999706745147705
1.0
1.0
0.9999998807907104
1.0
1.0
0.9999973773956299
1.0
0.9443037509918213
0.9837167263031006
0.9996745586395264
0.9997509121894836
0.9999876022338867
0.9998132586479187
0.9998062252998352
0.9999967813491821
0.9999998807907104
0.9998607635498047
0.999982476234436
0.9968398809432983
0.9999371767044067
1.0
1.0
1.0
0.8092483282089233
0.9993185997009277
1.0
0.9999805688858032
1.0
0.9983757734298706
0.9999958276748657
0.999998927116394
0.9969244599342346
1.0
0.9999971389770508
0.9999905824661255
0.982772946357727
0.9906406402587891
0.9999998807907104
0.9999337196350098
0.9999874830245972
1.0
1.0
0.9999991655349731
0.9097739458084106
0.9999575614929199
0.9999969005584717
1.0
1.0
0.9996671676635742
0.9998433589935303
0.9999992847442627
0.9999959468841553
0.9999163150787354
0.9991497993469238
1.0
0.9999988079071045
1.0
0.9998853206634521
0.9999858140945435
0.9999998807907104
0.9438664317131042
0.9864071011543274
1.0
0.9861295819282532
1.0
0.9998263716697693
0.9999871253967285
1.0
1.0
0.9998722076416016
0.9577416181564331
0.9866443276405334
0.9947059750556946
1.0
0.9999946355819702
0.9999954700469971
0.9999585151672363
1.0
0.999825656414032
0.9902702569961548
1.0
0.999950647354126
0.9999967813491821
0.9971639513969421
0.9994376301765442
1.0
0.9999988079071045
0.9999947547912598
0.9999966621398926
0.9895080327987671
1.0
1.0
0.9996205568313599
0.9999996423721313
0.999998927116394
1.0
1.0
0.9999983310699463
1.0
1.0
0.999082088470459
1.0
0.982806921005249
0.9999991655349731
1.0
0.9997881054878235
0.9968225955963135
1.0
1.0
1.0
0.9999983310699463
1.0
0.9999992847442627
1.0
0.9999934434890747
1.0
0.9996839761734009
1.0
0.9999964237213135
0.9999972581863403
0.9999998807907104
0.9951007962226868
0.9996678829193115
1.0
1.0
0.9999959468841553
1.0
0.9999995231628418
1.0
0.9996591806411743
1.0
1.0
1.0
0.9953871369361877
1.0
0.9996951818466187
0.9999871253967285
1.0
1.0
1.0
0.999817430973053
0.9998761415481567
0.9998242259025574
1.0
1.0
0.999629020690918
0.9601899981498718
1.0
0.9999516010284424
1.0
1.0
0.9999998807907104
1.0
1.0
1.0
0.9927588701248169
1.0
1.0
1.0
0.9999998807907104
1.0
1.0
0.9999228715896606
1.0
0.9995300769805908
0.9999964237213135
1.0
0.9999992847442627
0.9162772297859192
1.0
1.0
0.9999874830245972
0.9955654740333557
0.998141884803772
1.0
1.0
0.9999876022338867
1.0
0.9998894929885864
1.0
0.999988317489624
0.9999998807907104
1.0
0.9999945163726807
1.0
1.0
0.791826605796814
1.0
1.0
0.9995922446250916
0.9999828338623047
0.9999998807907104
0.9999986886978149
0.9996917247772217
1.0
0.9856531620025635
0.9986016154289246
0.9992697834968567
0.9999998807907104
1.0
1.0
0.9999737739562988
1.0
0.999998927116394
0.9998125433921814
1.0
0.9999933242797852
1.0
1.0
1.0
1.0
0.9999823570251465
0.9997605681419373
0.9998904466629028
1.0
1.0
1.0
1.0
1.0
1.0
0.9988054037094116
1.0
0.9999395608901978
1.0
0.9999997615814209
1.0
0.9995155334472656
0.9999998807907104
1.0
0.9999810457229614
1.0
0.9992707371711731
0.9999998807907104
0.9999998807907104
0.9999606609344482
1.0
1.0
0.9998278617858887
0.9979286193847656
1.0
1.0
0.9999344348907471
0.9999972581863403
0.9999995231628418
0.9999990463256836
0.9999992847442627
1.0
1.0
1.0
0.9997164607048035
0.9945153594017029
0.98976069688797
0.9988859295845032
0.9975878000259399
1.0
1.0
1.0
0.9999706745147705
0.999992847442627
0.9999985694885254
0.9991777539253235
1.0
1.0
0.9999642372131348
0.9998544454574585
1.0
1.0
0.9999940395355225
0.999984860420227
0.9923727512359619
0.9999886751174927
0.9998062252998352
0.9995003938674927
0.9999810457229614
0.9999983310699463
0.8624696135520935
0.9998078942298889
0.9339736700057983
0.9999057054519653
0.9996352195739746
1.0
1.0
0.9980505704879761
1.0
0.9769362807273865
1.0
1.0
0.9999960660934448
0.995088517665863
0.9999219179153442
0.9999790191650391
0.9999841451644897
0.9995265007019043
0.9995519518852234
0.9999749660491943
1.0
1.0
1.0
0.9999951124191284
0.9905114769935608
0.9983997941017151
1.0
0.9999998807907104
0.9999998807907104
0.9898071885108948
0.9999393224716187
0.999964714050293
0.9999979734420776
1.0
1.0
1.0
0.9999998807907104
1.0
1.0
1.0
0.9994081258773804
0.9999996423721313
0.9999878406524658
0.9999996423721313
1.0
0.9996128678321838
1.0
1.0
0.9999994039535522
1.0
0.9997907280921936
0.9999845027923584
1.0
1.0
1.0
1.0
1.0
0.9956732392311096
0.9999997615814209
0.999850869178772
0.9999992847442627
0.9823756814002991
0.9999874830245972
0.9994081258773804
0.9944911003112793
0.9998785257339478
1.0
0.9999929666519165
1.0
0.9997100234031677
0.9999866485595703
0.9999946355819702
0.9999910593032837
1.0
0.998612642288208
0.7818543910980225
0.9984022974967957
0.9711629152297974
0.9990893602371216
1.0
1.0
0.9999841451644897
0.9987490177154541
0.9999979734420776
1.0
1.0
0.9999175071716309
0.9999737739562988
0.9999986886978149
1.0
0.9995019435882568
1.0
0.9842419028282166
0.9940629601478577
0.9999104738235474
0.9997618794441223
1.0
1.0
0.9999959468841553
0.9999586343765259
1.0
0.9999949932098389
0.9998921155929565
0.9994359612464905
1.0
1.0
0.999745786190033
1.0
1.0
1.0
1.0
0.9987691044807434
1.0
1.0
1.0
1.0
1.0
0.9999898672103882
1.0
1.0
0.99968421459198
0.9873132109642029
0.9999948740005493
1.0
0.9999881982803345
1.0
0.9999969005584717
0.9999701976776123
0.9999997615814209
1.0
0.9999966621398926
0.9999823570251465
0.9999994039535522
0.9952109456062317
0.999985933303833
1.0
1.0
0.9999974966049194
1.0
0.9999665021896362
1.0
1.0
0.9999997615814209
1.0
0.9836819767951965
0.9202107191085815
0.9997441172599792
0.9982048273086548
1.0
0.9999935626983643
0.9944580793380737
1.0
0.9999775886535645
0.9999957084655762
1.0
0.9999871253967285
0.9998706579208374
0.9999997615814209
1.0
1.0
0.9999997615814209
1.0
1.0
1.0
1.0
0.9999920129776001
0.9997590184211731
0.9999986886978149
0.999427855014801
0.5261832475662231
0.9942032694816589
0.9999996423721313
0.9999994039535522
0.9955459833145142
0.9999997615814209
0.9996306896209717
0.9998694658279419
0.9994490742683411
1.0
0.9925369620323181
1.0
0.9985594153404236
0.9947147965431213
1.0
0.9999973773956299
1.0
1.0
1.0
0.9980990290641785
1.0
0.994060218334198
0.9936328530311584
0.9988489151000977
0.9996931552886963
1.0
1.0
0.9988848567008972
1.0
1.0
1.0
1.0
0.9956508278846741
1.0
0.9999957084655762
0.9810675382614136
0.9874311685562134
0.9996334314346313
1.0
0.9995287656784058
0.9999980926513672
0.999107301235199
0.9987691044807434
0.9999830722808838
1.0
1.0
1.0
1.0
0.9999841451644897
1.0
1.0
0.9981854557991028
1.0
0.9985554814338684
0.9995725750923157
0.9999997615814209
0.9997970461845398
0.9823756814002991
1.0
0.9984961748123169
0.9999645948410034
0.9959753155708313
1.0
1.0
1.0
1.0
0.9996644258499146
0.99996018409729
1.0
0.9972678422927856
0.999997615814209
1.0
1.0
1.0
0.9955586194992065
1.0
1.0
1.0
0.9999948740005493
0.9999862909317017
0.9965956807136536
0.9996310472488403
1.0
0.9999974966049194
0.9999899864196777
0.9999823570251465
1.0
1.0
1.0
0.999529242515564
1.0
1.0
1.0
0.9998024106025696
0.9995661377906799
0.9996839761734009
0.9996945858001709
0.9999722242355347
0.9999998807907104
0.9993964433670044
1.0
1.0
1.0
0.999614953994751
0.9996644258499146
1.0
0.9999994039535522
0.999996542930603
0.9999998807907104
0.9984399676322937
1.0
0.9999673366546631
1.0
1.0
1.0
1.0
0.9998973608016968
0.9998365640640259
0.9182912707328796
1.0
1.0
1.0
1.0
0.9999990463256836
0.9999992847442627
0.9999991655349731
0.9440750479698181
0.999981164932251
1.0
1.0
0.9991212487220764
1.0
1.0
0.9999916553497314
0.9999998807907104
1.0
0.9999997615814209
1.0
0.9982048273086548
0.9999785423278809
0.9999737739562988
0.9999549388885498
0.9992934465408325
1.0
1.0
0.9999971389770508
0.9999706745147705
1.0
0.9999998807907104
1.0
0.998612642288208
1.0
0.9998884201049805
0.9998667240142822
0.9999481439590454
0.9999401569366455
0.9986543655395508
0.9976346492767334
0.9999997615814209
0.9999864101409912
1.0
1.0
0.9983274340629578
1.0
0.9919191002845764
1.0
0.9999997615814209
0.991114616394043
0.9999675750732422
1.0
0.999983549118042
1.0
1.0
1.0
0.9999974966049194
0.9982091188430786
0.9995993971824646
1.0
1.0
0.9999998807907104
0.9977911710739136
0.9999997615814209
0.9919595122337341
0.9998687505722046
1.0
1.0
1.0
0.9932065010070801
1.0
0.9999854564666748
1.0
1.0
0.9928361773490906
1.0
1.0
0.9876256585121155
0.9999960660934448
1.0
0.8673360347747803
1.0
1.0
1.0
1.0
0.9999960660934448
1.0
0.9999517202377319
0.9999450445175171
0.9989261031150818
0.9991517066955566
1.0
0.9999927282333374
0.9997528195381165
0.9999988079071045
1.0
0.9999648332595825
1.0
0.9982024431228638
0.9952518939971924
0.9999998807907104
0.9997989535331726
0.9994181394577026
0.999804675579071
0.9846137762069702
0.9998902082443237
0.9998931884765625
1.0
0.9980693459510803
1.0
0.9981867671012878
1.0
0.9994521737098694
1.0
0.9999916553497314
0.9290913939476013
0.999537467956543
0.9998109936714172
0.9999899864196777
0.9999998807907104
1.0
1.0
1.0
0.9832404255867004
0.9923319816589355
0.9999980926513672
0.9961087107658386
0.9993775486946106
1.0
0.9650253057479858
0.9999887943267822
0.9999730587005615
0.9999953508377075
1.0
0.9998340606689453
0.9999966621398926
0.9998854398727417
0.9998106360435486
1.0
1.0
0.9999945163726807
0.9999998807907104
0.9991363883018494
0.999953031539917
1.0
1.0
0.9981934428215027
0.9999998807907104
0.9999489784240723
0.9999998807907104
0.9993427395820618
0.9872689247131348
0.9999998807907104
0.9976710677146912
0.9999983310699463
0.9886870384216309
0.9997588992118835
0.9947801828384399
1.0
1.0
0.9999973773956299
1.0
0.9613098502159119
1.0
0.999997615814209
0.9999998807907104
0.9999712705612183
1.0
0.9877772927284241
0.9999641180038452
0.9998854398727417
0.9999567270278931
0.9133799076080322
0.9999847412109375
0.9896609783172607
1.0
1.0
1.0
0.9999376535415649
0.9999997615814209
1.0
1.0
0.9999994039535522
0.9897789359092712
0.999997615814209
1.0
1.0
0.9999924898147583
0.9696793556213379
0.9985747337341309
0.9992990493774414
0.9920583367347717
0.9999996423721313
0.9998388290405273
0.9995120763778687
0.9999974966049194
0.9999997615814209
1.0
0.9951007962226868
0.9999963045120239
1.0
1.0
1.0
0.9999241828918457
1.0
1.0
1.0
0.9999992847442627
1.0
0.9999982118606567
0.9999970197677612
0.9998000264167786
0.999569833278656
1.0
1.0
1.0
0.9999998807907104
0.999995231628418
0.9999996423721313
0.9996495246887207
0.9998643398284912
0.9999948740005493
0.9807385802268982
1.0
1.0
0.9555264711380005
0.9999991655349731
0.9999597072601318
0.9999678134918213
0.9504809975624084
1.0
1.0
0.9999380111694336
0.9994920492172241
0.999970555305481
0.9999973773956299
1.0
1.0
0.9971331357955933
0.9999998807907104
1.0
1.0
1.0
0.9999998807907104
0.9997538924217224
1.0
0.9999988079071045
0.9985800981521606
0.9662894606590271
0.9999998807907104
1.0
0.9999595880508423
1.0
1.0
1.0
0.9999960660934448
0.999953031539917
0.9953468441963196
1.0
1.0
0.9880605936050415
1.0
1.0
1.0
0.9999997615814209
0.9999635219573975
0.9996591806411743
1.0
0.9994181394577026
0.9999996423721313
1.0
0.9988062381744385
1.0
1.0
0.9999773502349854
1.0
0.9999806880950928
0.9999996423721313
0.9999969005584717
1.0
0.9967306852340698
1.0
0.9999998807907104
1.0
1.0
1.0
0.9724799394607544
1.0
1.0
0.9999994039535522
1.0
0.9999992847442627
0.9954804182052612
1.0
0.9999300241470337
0.9999996423721313
1.0
1.0
1.0
0.9987943172454834
0.9983394145965576
0.9997859597206116
0.9999487400054932
0.9999152421951294
0.989578902721405
1.0
0.9993352293968201
1.0
0.9952538013458252
0.9027177691459656
1.0
0.9999322891235352
0.9999923706054688
0.9807755947113037
1.0
1.0
0.9999998807907104
1.0
0.8874180912971497
0.9974539875984192
0.994040310382843
1.0
1.0
0.9986883997917175
0.9740652441978455
0.999995231628418
1.0
1.0
1.0
0.9997965693473816
1.0
1.0
1.0
0.9999881982803345
0.9999959468841553
1.0
0.9993340373039246
0.9999489784240723
0.9999202489852905
1.0
1.0
0.9999971389770508
0.9999979734420776
1.0
0.9996956586837769
0.9999749660491943
1.0
0.9999125003814697
0.9999788999557495
0.999998927116394
0.9940682649612427
0.998838484287262
0.9828832745552063
0.9998388290405273
0.999953031539917
1.0
0.9999433755874634
0.9999876022338867
0.9999929666519165
1.0
0.9999576807022095
0.9999730587005615
0.9999998807907104
0.9999974966049194
0.9989494681358337
1.0
1.0
0.9999736547470093
1.0
1.0
0.9869758486747742
0.9999829530715942
1.0
1.0
0.999988317489624
0.9999961853027344
1.0
0.9999430179595947
0.9996589422225952
1.0
1.0
1.0
0.9999744892120361
1.0
0.9994927644729614
0.9999998807907104
0.9999997615814209
1.0
1.0
0.9985865354537964
1.0
0.9999935626983643
1.0
0.9567467570304871
1.0
0.9999092817306519
0.999232292175293
0.9999994039535522
0.9999980926513672
0.9999990463256836
1.0
1.0
0.9999992847442627
1.0
1.0
1.0
1.0
0.9999377727508545
0.9912201762199402
1.0
1.0
0.9999967813491821
0.9999980926513672
0.9999997615814209
1.0
0.9969053864479065
1.0
0.9999992847442627
0.9999843835830688
1.0
1.0
1.0
0.9998407363891602
0.9999991655349731
0.9999856948852539
0.9999891519546509
0.999901533126831
1.0
1.0
0.9999953508377075
1.0
1.0
0.9999927282333374
0.9999973773956299
0.9999926090240479
1.0
1.0
0.9998798370361328
1.0
1.0
0.9991933703422546
0.9993147850036621
1.0
0.9998041987419128
1.0
1.0
0.9994038343429565
1.0
0.9999656677246094
0.9874311685562134
0.9940629601478577
1.0
0.9935356378555298
0.9996480941772461
0.985877513885498
0.999984622001648
1.0
0.9757381081581116
0.9999998807907104
0.9070650935173035
1.0
0.9996914863586426
1.0
0.9999946355819702
1.0
0.9818345904350281
0.976642370223999
1.0
0.997150719165802
0.9996798038482666
1.0
0.9999898672103882
0.9994754195213318
1.0
1.0
1.0
1.0
1.0
1.0
0.9999957084655762
0.9999998807907104
1.0
1.0
1.0
1.0
0.9999991655349731
1.0
0.9999996423721313
0.9999945163726807
0.9999985694885254
1.0
0.9999985694885254
0.982740581035614
1.0
1.0
0.9876161217689514
0.9999902248382568
0.9999998807907104
0.9940682649612427
0.8447446227073669
0.9992307424545288
0.9990699887275696
0.9999996423721313
1.0
0.9998618364334106
1.0
1.0
1.0
1.0
0.9687590003013611
0.9999669790267944
0.9944911003112793
0.9990527033805847
1.0
1.0
0.9999996423721313
1.0
0.9999998807907104
0.9999990463256836
0.9999997615814209
0.9959360361099243
1.0
1.0
1.0
0.9999960660934448
0.9999992847442627
0.9999815225601196
0.9958456158638
1.0
1.0
1.0
0.9995265007019043
1.0
0.9926168322563171
1.0
1.0
1.0
0.9999881982803345
0.9990828037261963
1.0
1.0
1.0
0.9981125593185425
1.0
1.0
0.9959360361099243
1.0
1.0
0.9998111128807068
1.0
0.999523401260376
1.0
0.9997807145118713
0.9984399676322937
0.9999986886978149
1.0
1.0
0.9898197054862976
0.9983561635017395
1.0
1.0
0.999996542930603
0.9981649518013
1.0
0.9999949932098389
1.0
1.0
1.0
0.9999998807907104
1.0
0.9999997615814209
0.9944749474525452
0.9885854125022888
0.9999943971633911
1.0
1.0
0.9999998807907104
0.9975827932357788
1.0
1.0
1.0
0.9998784065246582
0.9999929666519165
0.9999920129776001
0.9999688863754272
0.9999363422393799
0.9999310970306396
0.9999345541000366
0.997593104839325
0.9999958276748657
0.9962934851646423
1.0
0.9988859295845032
1.0
1.0
1.0
1.0
0.999038815498352
0.9999986886978149
0.9999998807907104
0.9953513145446777
1.0
0.9895080327987671
0.9999969005584717
1.0
0.999998927116394
0.9987667798995972
1.0
1.0
0.9995587468147278
1.0
1.0
1.0
1.0
1.0
0.9997338652610779
0.999997615814209
0.9834038615226746
0.9995126724243164
1.0
1.0
0.9999988079071045
0.9140629768371582
0.9999963045120239
1.0
1.0
1.0
1.0
0.9999880790710449
0.9992697834968567
1.0
0.999991774559021
1.0
1.0
0.9958078861236572
0.9999994039535522
1.0
0.9999749660491943
0.9613098502159119
0.9999605417251587
0.9987825751304626
0.9999712705612183
1.0
0.9979912042617798
1.0
0.9782024025917053
0.999997615814209
0.765443742275238
0.999994158744812
1.0
0.999873161315918
1.0
0.9988899827003479
0.9999998807907104
0.9969244599342346
0.9999908208847046
1.0
1.0
0.9897515773773193
1.0
1.0
0.9996471405029297
0.9999969005584717
1.0
0.9998643398284912
1.0
0.9999998807907104
0.9999997615814209
0.9999804496765137
1.0
0.9999990463256836
0.9918162226676941
0.9999997615814209
0.9998531341552734
0.999451220035553
0.9999489784240723
1.0
0.9999842643737793
0.9999995231628418
0.9941889047622681
1.0
1.0
0.9999387264251709
0.9998037219047546
1.0
0.9999266862869263
0.9999575614929199
0.9999370574951172
1.0
0.9996691942214966
0.9999996423721313
1.0
0.9176855683326721
0.9995152950286865
0.9999991655349731
0.9999997615814209
0.9998145699501038
0.9983162879943848
0.9999998807907104
0.9999949932098389
1.0
1.0
0.9998217225074768
0.9995610117912292
0.999993085861206
1.0
0.9999021291732788
1.0
0.9837678074836731
1.0
0.999998927116394
1.0
1.0
0.9999997615814209
1.0
1.0
0.9999948740005493
1.0
1.0
0.9999960660934448
0.9989249110221863
1.0
0.9996354579925537
1.0
0.997934103012085
1.0
0.9780381917953491
0.9999986886978149
1.0
1.0
0.9999998807907104
0.9999758005142212
0.9992185831069946
0.9999998807907104
0.9998263716697693
0.9999998807907104
0.9999997615814209
1.0
1.0
0.9999662637710571
0.9999992847442627
0.9930459856987
0.9999992847442627
0.9981232285499573
0.9999998807907104
0.9996570348739624
1.0
1.0
1.0
0.9999985694885254
0.9774247407913208
1.0
0.9999982118606567
1.0
0.9999896287918091
1.0
0.9997254014015198
0.9518464207649231
0.9997548460960388
0.886694610118866
0.999998927116394
0.99998939037323
0.9998125433921814
1.0
0.9999773502349854
1.0
0.9999998807907104
0.9999146461486816
1.0
1.0
0.9999933242797852
0.9994924068450928
0.999994158744812
0.9997630715370178
1.0
0.9980661273002625
0.999974250793457
0.9995445609092712
1.0
0.9996410608291626
0.9279194474220276
1.0
1.0
1.0
1.0
0.9999231100082397
0.8049609065055847
0.9998656511306763
0.9994214773178101
1.0
1.0
0.9999998807907104
0.9999949932098389
0.9999996423721313
0.9989125728607178
0.9999991655349731
0.9999996423721313
0.9985373020172119
0.9999997615814209
0.9916775226593018
0.9999998807907104
1.0
1.0
1.0
1.0
1.0
0.9999953508377075
0.9664778113365173
1.0
1.0
0.9999985694885254
0.992499053478241
1.0
1.0
1.0
1.0
0.9990830421447754
0.9999980926513672
1.0
1.0
1.0
0.9999830722808838
0.9999982118606567
1.0
1.0
0.9993298053741455
1.0
0.990200936794281
1.0
0.9997451901435852
0.9866334199905396
1.0
1.0
0.999983549118042
0.999953031539917
0.8695309162139893
0.9999997615814209
0.9999871253967285
0.9999916553497314
1.0
1.0
0.9994126558303833
1.0
1.0
1.0
0.9998546838760376
0.9992934465408325
1.0
1.0
1.0
0.9954663515090942
1.0
0.9992408752441406
0.9999996423721313
1.0
0.9999996423721313
0.999629020690918
1.0
0.999859094619751
0.9996961355209351
0.9999995231628418
1.0
0.9954298734664917
1.0
1.0
0.9999969005584717
0.9998934268951416
0.9999961853027344
0.9999887943267822
1.0
0.999809205532074
0.9998558759689331
1.0
0.9992185831069946
0.9999946355819702
0.9948030114173889
0.9999815225601196
0.9999984502792358
1.0
0.9999810457229614
0.997848629951477
1.0
0.9978864789009094
1.0
1.0
0.9991363883018494
1.0
0.9999934434890747
0.9999953508377075
1.0
0.9999992847442627
0.9999994039535522
1.0
1.0
1.0
1.0
0.9916634559631348
0.9998526573181152
0.7239139080047607
0.9763041138648987
0.9998993873596191
1.0
0.998931348323822
0.9999998807907104
1.0
1.0
0.9998997449874878
1.0
1.0
1.0
1.0
1.0
0.9891622066497803
1.0
0.9987202882766724
1.0
0.9998615980148315
0.9999464750289917
0.9999960660934448
0.9672425985336304
1.0
1.0
0.9592118859291077
0.9999656677246094
0.9962377548217773
0.9985454082489014
0.9999723434448242
0.9993298053741455
1.0
0.9964680671691895
1.0
0.9999948740005493
0.9999619722366333
1.0
1.0
0.9999990463256836
0.9921446442604065
1.0
0.9984378218650818
0.9982795715332031
0.9998999834060669
0.9990711212158203
1.0
0.9948030114173889
1.0
0.9999996423721313
0.9999982118606567
0.9999996423721313
0.9995410442352295
1.0
1.0
1.0
1.0
0.9999960660934448
0.9998546838760376
1.0
0.9999998807907104
0.9998072981834412
1.0
1.0
1.0
1.0
0.9997654557228088
1.0
0.9161476492881775
0.9968225955963135
1.0
0.9999927282333374
1.0
0.9999998807907104
0.9991551637649536
1.0
0.9999990463256836
0.9983723759651184
0.9002374410629272
1.0
0.9999021291732788
1.0
1.0
1.0
0.9923319816589355
0.999997615814209
0.9997209906578064
1.0
0.999995231628418
0.9996514320373535
1.0
0.9978265166282654
0.9998914003372192
0.9999998807907104
1.0
0.9999994039535522
0.9807385802268982
0.9998452663421631
0.9999713897705078
0.9993547797203064
0.9997811913490295
1.0
0.9999816417694092
1.0
0.9999923706054688
0.9974000453948975
0.998305082321167
0.9999998807907104
0.9998252987861633
0.9999970197677612
0.9998786449432373
0.9999980926513672
0.9999822378158569
0.9999290704727173
0.9999998807907104
0.9999850988388062
1.0
0.9194453954696655
0.982806921005249
1.0
1.0
0.9999998807907104
0.9999995231628418
0.9893057346343994
0.9999998807907104
1.0
0.9998924732208252
0.9997698664665222
0.999997615814209
1.0
1.0
0.9999997615814209
1.0
0.8734644651412964
0.9988633394241333
0.9999701976776123
1.0
0.9999470710754395
0.9929559230804443
0.9999567270278931
1.0
0.9996039271354675
0.9976911544799805
0.9998500347137451
1.0
1.0
0.9999830722808838
1.0
0.9999996423721313
0.9999997615814209
0.999468982219696
0.999866247177124
0.9915279150009155
1.0
0.9999817609786987
0.9996354579925537
1.0
0.9999998807907104
0.9997748732566833
1.0
1.0
1.0
1.0
0.9976911544799805
0.8357875347137451
0.999983549118042
0.9999988079071045
1.0
1.0
1.0
1.0
0.9885475635528564
0.9995379447937012
1.0
0.9994924068450928
0.9943367838859558
0.999971866607666
0.9999737739562988
1.0
1.0
0.9864071011543274
0.9999386072158813
1.0
1.0
1.0
0.9999978542327881
0.9986734390258789
1.0
1.0
0.9999948740005493
0.9986481070518494
0.9999418258666992
0.9999730587005615
1.0
1.0
0.9985705614089966
0.9982491731643677
1.0
1.0
0.9999998807907104
1.0
1.0
0.98879075050354
0.9999020099639893
0.9999994039535522
1.0
1.0
0.9990046620368958
1.0
1.0
0.9998949766159058
1.0
0.9999998807907104
0.9999998807907104
0.9999539852142334
1.0
1.0
0.9999964237213135
1.0
1.0
0.9808128476142883
1.0
0.9994702935218811
0.9999994039535522
0.9999996423721313
0.9999995231628418
0.9989074468612671
0.9999997615814209
1.0
1.0
0.9872708320617676
0.9999921321868896
1.0
0.9041785001754761
0.9999998807907104
0.9999996423721313
0.9999829530715942
0.9999974966049194
1.0
0.9431487917900085
1.0
0.9983153343200684
1.0
0.9972153902053833
0.9997509121894836
1.0
0.9969791173934937
0.9999779462814331
0.9999973773956299
1.0
1.0
0.9999995231628418
0.989578902721405
0.9999203681945801
1.0
0.9999773502349854
0.9998629093170166
0.9999841451644897
1.0
1.0
0.9988848567008972
0.9999998807907104
0.9992114305496216
1.0
1.0
0.9999998807907104
0.9999991655349731
0.9999998807907104
1.0
0.9999996423721313
1.0
1.0
0.9999998807907104
0.999297022819519
0.9997137188911438
0.9992471933364868
1.0
0.9999806880950928
0.9999996423721313
0.9997909665107727
0.999804675579071
0.999984860420227
1.0
1.0
1.0
1.0
0.9999946355819702
1.0
0.9999887943267822
1.0
1.0
1.0
0.999991774559021
0.9999980926513672
1.0
0.9999998807907104
0.9999998807907104
1.0
0.9728067517280579
0.9999998807907104
0.999996542930603
0.9999995231628418
1.0
0.9999997615814209
0.9999810457229614
0.9999997615814209
1.0
0.9937611222267151
1.0
0.9999920129776001
0.9999744892120361
1.0
1.0
0.9997609257698059
1.0
0.999984860420227
1.0
1.0
0.9999992847442627
0.9998946189880371
1.0
1.0
0.9969557523727417
1.0
1.0
1.0
0.9993937015533447
0.9932830333709717
1.0
0.997227132320404
1.0
1.0
0.9997519850730896
1.0
1.0
1.0
0.9999880790710449
1.0
1.0
0.9999991655349731
1.0
1.0
0.9999979734420776
0.9989603757858276
0.9988861680030823
0.999998927116394
0.9992280006408691
0.9999967813491821
0.8492098450660706
1.0
1.0
1.0
0.9999171495437622
0.999997615814209
0.9999998807907104
1.0
0.9985175728797913
1.0
1.0
0.9999881982803345
0.8556876182556152
1.0
0.9989174604415894
1.0
0.9997450709342957
0.9999887943267822
0.99996018409729
0.9999996423721313
1.0
1.0
0.9999978542327881
1.0
1.0
0.9972678422927856
0.9999773502349854
1.0
1.0
0.4455803632736206
0.9999939203262329
0.9785061478614807
1.0
0.9995380640029907
0.9999996423721313
1.0
0.9999872446060181
1.0
0.9999997615814209
0.9999961853027344
0.9997289776802063
0.998838484287262
0.9305723309516907
1.0
0.9999994039535522
1.0
1.0
0.9999990463256836
0.9999899864196777
1.0
0.9971331357955933
0.9999958276748657
1.0
0.9999688863754272
0.9999995231628418
0.9999997615814209
0.9999996423721313
0.999993085861206
0.9990354776382446
0.9999785423278809
0.999995231628418
0.9864153265953064
0.999997615814209
1.0
1.0
1.0
0.9998950958251953
0.9989481568336487
1.0
0.9999995231628418
0.9995111227035522
0.9999994039535522
0.9999991655349731
0.9999632835388184
0.9999366998672485
1.0
1.0
0.997601330280304
0.9999998807907104
0.999842643737793
0.9573206305503845
1.0
0.9998427629470825
1.0
1.0
1.0
0.999997615814209
0.9998303651809692
0.9999778270721436
0.9999992847442627
0.9991403818130493
0.9977905750274658
0.9999737739562988
0.999464213848114
1.0
0.9942018389701843
0.9999723434448242
0.9998990297317505
0.9999998807907104
1.0
1.0
1.0
0.999784529209137
1.0
1.0
1.0
0.9993888139724731
0.9965069890022278
0.9993771910667419
0.9999990463256836
1.0
0.9999817609786987
0.999983549118042
0.9999778270721436
1.0
0.9999998807907104
1.0
1.0
1.0
1.0
1.0
0.9999910593032837
0.9979912042617798
1.0
0.9999958276748657
0.9999992847442627
0.9999953508377075
1.0
0.9999324083328247
0.9999998807907104
0.9999998807907104
0.9567467570304871
1.0
1.0
0.999990701675415
0.9816535115242004
1.0
0.9999945163726807
0.9984984397888184
0.9999980926513672
0.8111086487770081
0.9970893263816833
0.9999983310699463
0.9999830722808838
1.0
1.0
1.0
0.9998694658279419
0.9844781160354614
0.9999938011169434
0.9996787309646606
0.9971215128898621
0.9993438124656677
1.0
0.9999921321868896
1.0
1.0
1.0
0.9992477893829346
1.0
1.0
0.9724799394607544
0.9899929165840149
1.0
1.0
0.9989585876464844
0.9944749474525452
0.9988082647323608
1.0
1.0
0.9919595122337341
0.998626708984375
0.9999898672103882
1.0
0.9999995231628418
0.9993888139724731
0.9999685287475586
0.999930739402771
0.9999516010284424
1.0
1.0
0.9986398816108704
0.9999943971633911
0.9999992847442627
0.9999864101409912
1.0
0.9999985694885254
1.0
1.0
1.0
1.0
1.0
0.9999712705612183
1.0
1.0
0.9998655319213867
0.9999866485595703
0.999804675579071
0.9999595880508423
0.9999982118606567
1.0
0.9955247640609741
0.9999992847442627
0.9976721405982971
1.0
0.9955586194992065
0.9999998807907104
1.0
0.9999721050262451
0.9999988079071045
0.9999929666519165
0.9999998807907104
1.0
1.0
0.9999998807907104
1.0
0.9932193160057068
0.982740581035614
0.9996039271354675
1.0
0.9983797073364258
0.999953031539917
0.9998476505279541
0.9995126724243164
0.9999995231628418
0.9999990463256836
0.9991462230682373
0.9897205233573914
1.0
0.999969482421875
1.0
0.9999969005584717
1.0
0.9999397993087769
0.9999874830245972
0.9999979734420776
0.9809362888336182
1.0
0.9996019005775452
1.0
0.9995560050010681
0.686440646648407
1.0
1.0
1.0
0.9952803254127502
1.0
1.0
1.0
0.9921145439147949
0.9999963045120239
0.9999518394470215
0.9999849796295166
0.9984961748123169
1.0
0.9998358488082886
0.9999998807907104
0.9986883997917175
1.0
1.0
1.0
1.0
0.9999997615814209
0.9995818734169006
0.9999998807907104
0.9897515773773193
1.0
0.9999697208404541
0.9906406402587891
0.999771773815155
0.9999470710754395
0.9983394145965576
1.0
0.9994995594024658
1.0
0.9999871253967285
0.9728321433067322
1.0
0.9999992847442627
0.9990893602371216
0.9999463558197021
0.9837678074836731
1.0
0.9997901320457458
0.9999992847442627
0.9998546838760376
1.0
0.9999997615814209
1.0
0.9999995231628418
1.0
1.0
1.0
0.9999998807907104
1.0
0.9999994039535522
0.9999371767044067
1.0
1.0
0.9999995231628418
1.0
0.9988283514976501
0.9999903440475464
0.5453624129295349
0.9999998807907104
0.9999450445175171
1.0
1.0
1.0
1.0
0.999984860420227
1.0
1.0
1.0
0.9999998807907104
1.0
0.9999977350234985
1.0
0.9997246861457825
0.999924898147583
0.9988633394241333
1.0
1.0
1.0
0.999996542930603
0.9998020529747009
1.0
1.0
0.9910578727722168
1.0
0.9996484518051147
0.990200936794281
0.9989985823631287
0.9807327389717102
1.0
0.9997808337211609
1.0
1.0
1.0
1.0
0.9999871253967285
0.9999951124191284
0.9999598264694214
0.9969557523727417
0.9997645020484924
0.9998181462287903
0.999955415725708
1.0
0.999995231628418
0.9899051785469055
0.9999969005584717
1.0
0.9956888556480408
1.0
0.9999996423721313
1.0
0.9999998807907104
0.9999778270721436
1.0
0.9999527931213379
0.9313324093818665
1.0
0.9999704360961914
1.0
0.9999991655349731
1.0
1.0
0.9999343156814575
0.9999994039535522
0.9999905824661255
0.9999982118606567
1.0
0.9999997615814209
1.0
1.0
1.0
1.0
1.0
0.9918261766433716
1.0
0.8216587901115417
0.9999997615814209
0.999984860420227
1.0
0.9997289776802063
0.9991251826286316
1.0
1.0
0.999866247177124
1.0
0.9999998807907104
0.9977082014083862
0.9999992847442627
0.9994490742683411
1.0
0.9993147850036621
0.9908170700073242
1.0
1.0
0.8492098450660706
0.9999823570251465
0.9999927282333374
1.0
1.0
0.9991710186004639
0.9999997615814209
0.9999867677688599
0.9999995231628418
0.9972345232963562
1.0
1.0
0.9995660185813904
1.0
1.0
1.0
0.9998600482940674
0.9999997615814209
1.0
0.9999959468841553
1.0
1.0
1.0
1.0
0.9991806149482727
1.0
1.0
0.9931252002716064
0.9997418522834778
0.9999557733535767
0.9993771910667419
0.9999963045120239
0.9999876022338867
1.0
1.0
1.0
0.9999995231628418
1.0
0.9999994039535522
1.0
0.9991269707679749
0.9995325803756714
0.9994888305664062
1.0
0.9992436170578003
0.9998360872268677
1.0
1.0
1.0
0.9996410608291626
0.9999996423721313
1.0
0.9999946355819702
1.0
1.0
0.9999997615814209
1.0
1.0
0.9995868802070618
0.9999983310699463
0.9995487332344055
0.9999841451644897
1.0
1.0
1.0
0.9991117119789124
0.9999951124191284
0.9999998807907104
1.0
1.0
0.9963854551315308
0.9739648103713989
0.9999997615814209
1.0
0.9925487041473389
1.0
1.0
1.0
0.9998252987861633
0.9999759197235107
1.0
1.0
0.9999557733535767
1.0
1.0
0.9999790191650391
