0.38603976368904114
0.5956447124481201
0.2322184443473816
0.20194852352142334
0.3347814679145813
0.2250949740409851
0.3142997920513153
0.328240305185318
0.15650315582752228
0.6521382331848145
0.5011935234069824
0.2084091603755951
0.1837102770805359
0.11904338002204895
0.2774304449558258
0.20969587564468384
0.43079474568367004
0.12872284650802612
0.37763962149620056
0.12110257148742676
0.2701176404953003
0.2895585000514984
0.19181346893310547
0.25089332461357117
0.1951720416545868
0.2618727385997772
0.2748550772666931
0.8107777833938599
0.09806616604328156
0.17362762987613678
0.09108350425958633
0.16956178843975067
0.16095279157161713
0.1766674518585205
0.18446938693523407
0.20887400209903717
0.25263866782188416
0.3036663830280304
0.2771305739879608
0.2526046335697174
0.23183272778987885
0.27088722586631775
0.38980311155319214
0.10015413165092468
0.2971195876598358
0.18208248913288116
0.6903128027915955
0.4687279462814331
0.23171372711658478
0.24410632252693176
0.19768670201301575
0.2536815106868744
0.18637686967849731
0.6788078546524048
0.44791674613952637
0.27376022934913635
0.23166248202323914
0.2914201617240906
0.09347977489233017
0.29737532138824463
0.23789115250110626
0.2928318679332733
0.1426868438720703
0.15686126053333282
0.14940676093101501
0.22142182290554047
0.35928860306739807
0.3338121473789215
0.30044713616371155
0.23351874947547913
0.273974746465683
0.17057937383651733
0.2858095169067383
0.22521822154521942
0.2768705487251282
0.1387663632631302
0.6027369499206543
0.20312590897083282
0.3122224509716034
0.5012912154197693
0.1783648580312729
0.2113202065229416
0.2452707439661026
0.27600476145744324
0.27481141686439514
0.16669517755508423
0.2326931655406952
0.17798548936843872
0.3266865611076355
0.12352120876312256
0.24782712757587433
0.14914517104625702
0.3828671872615814
0.17970633506774902
0.2350272685289383
0.13193374872207642
0.8636040687561035
0.23500153422355652
0.24181954562664032
0.218421071767807
0.18026812374591827
0.18247734010219574
0.20728972554206848
0.19524788856506348
0.457684189081192
0.2592950165271759
0.2304372638463974
0.23483885824680328
0.2098206728696823
0.08098381012678146
0.18227623403072357
0.38588932156562805
0.36329415440559387
0.4969000518321991
0.18325649201869965
0.5895530581474304
0.21074020862579346
0.22220633924007416
0.24738958477973938
0.16839325428009033
0.6975563764572144
0.18932580947875977
0.35715654492378235
0.3065437376499176
0.3659527599811554
0.15844568610191345
0.6244951486587524
0.08790212124586105
0.1647065430879593
0.322029709815979
0.2666146159172058
0.12719237804412842
0.24929484724998474
0.33126184344291687
0.2635497450828552
0.6258784532546997
0.19183902442455292
0.1598050892353058
0.15686342120170593
0.4280919134616852
0.8443361520767212
0.37933218479156494
0.17428334057331085
0.2068355232477188
0.21792013943195343
0.24010853469371796
0.4937194883823395
0.14877064526081085
0.20686966180801392
0.16641291975975037
0.2736150622367859
0.3047451674938202
0.129647895693779
0.2894747853279114
0.28803184628486633
0.11819973587989807
0.4614830017089844
0.30699166655540466
0.141140878200531
0.34349361062049866
0.13533608615398407
0.35531988739967346
0.3577865660190582
0.14834238588809967
0.3575228750705719
0.19552622735500336
0.29373371601104736
0.46583136916160583
0.15536056458950043
0.1273423582315445
0.22259682416915894
0.19301724433898926
0.2254517823457718
0.49510928988456726
0.16467119753360748
0.23614954948425293
0.6626088619232178
0.24599085748195648
0.20719288289546967
0.2286818027496338
0.2772841453552246
0.1858922392129898
0.15649202466011047
0.46431243419647217
0.1439683437347412
0.1991695761680603
0.32882392406463623
0.18556977808475494
0.2579165995121002
0.37223827838897705
0.3572405278682709
0.29383382201194763
0.25773558020591736
0.31745949387550354
0.1689840704202652
0.397808700799942
0.21440477669239044
0.14574941992759705
0.24917703866958618
0.15881949663162231
0.1213357076048851
0.11376243829727173
0.43640410900115967
0.39842689037323
0.14263668656349182
0.36152467131614685
0.31483808159828186
0.1486617773771286
0.3166806995868683
0.21185383200645447
0.1812521070241928
0.08184144645929337
0.35549765825271606
0.19044046103954315
0.29504433274269104
0.1846262365579605
0.23515577614307404
0.42758214473724365
0.2667877972126007
0.19723773002624512
0.33914077281951904
0.1435837745666504
0.22162075340747833
0.12529252469539642
0.09934316575527191
0.27784761786460876
0.21381407976150513
0.31628140807151794
0.21984544396400452
0.407211571931839
0.28362733125686646
0.1487252414226532
0.15062208473682404
0.19594000279903412
0.2364041805267334
0.19040727615356445
0.2567122280597687
0.5207470059394836
0.2808763384819031
0.48913276195526123
0.23501166701316833
0.17950034141540527
0.27789586782455444
0.4409940838813782
0.21886388957500458
0.08460130542516708
0.32293373346328735
0.21887321770191193
0.31104379892349243
0.23773972690105438
0.40991175174713135
0.1522950530052185
0.14053340256214142
0.7429693341255188
0.4271734356880188
0.12142851948738098
0.2050752490758896
0.39579907059669495
0.15608467161655426
0.08992425352334976
0.24144311249256134
0.21894928812980652
0.16766878962516785
0.2850472927093506
0.1887439340353012
0.06314711272716522
0.227517232298851
0.05177994444966316
0.26929038763046265
0.19424788653850555
0.39278918504714966
0.20029529929161072
0.2983325719833374
0.19335037469863892
0.13170462846755981
0.14928719401359558
0.1402536928653717
0.21232789754867554
0.12953469157218933
0.22331438958644867
0.14769385755062103
0.6146018505096436
0.6780668497085571
0.22176147997379303
0.18708789348602295
0.19898530840873718
0.2833912968635559
0.2346932590007782
0.2424490600824356
0.21337729692459106
0.2938520610332489
0.27768486738204956
0.21299861371517181
0.32165297865867615
0.22199136018753052
0.2397712916135788
0.11496733874082565
0.2504808008670807
0.8536035418510437
0.25777438282966614
0.3678956627845764
0.21645620465278625
0.41049525141716003
0.1487908512353897
0.12604601681232452
0.21880759298801422
0.3679547905921936
0.1953534185886383
0.11948924511671066
0.16604524850845337
0.20444715023040771
0.49181270599365234
0.20502348244190216
0.2514394521713257
0.30669528245925903
0.28654181957244873
0.20325003564357758
0.2592189610004425
0.31860971450805664
0.2563464641571045
0.1892533302307129
0.18393027782440186
0.2005208283662796
0.30747392773628235
0.15379567444324493
0.1842971295118332
0.36276665329933167
0.3609648644924164
0.28519174456596375
0.2950795888900757
0.22699834406375885
0.22453205287456512
0.452147901058197
0.2950591444969177
0.21875707805156708
0.2925562858581543
0.1765720248222351
0.16001705825328827
0.08399642258882523
0.3000129759311676
0.09027797728776932
0.12179374694824219
0.11434634774923325
0.3419656455516815
0.29742833971977234
0.1883883774280548
0.3152352571487427
0.22935551404953003
0.5694666504859924
0.3135213255882263
0.16766509413719177
0.42673274874687195
0.19918566942214966
0.4066094160079956
0.2523860037326813
0.26314494013786316
0.22193920612335205
0.444090873003006
0.10187861323356628
0.08259575814008713
0.17409759759902954
0.20841434597969055
0.20899216830730438
0.1927064061164856
0.20087295770645142
0.06876187771558762
0.20627492666244507
0.17848077416419983
0.13625897467136383
0.16440583765506744
0.2627560496330261
0.2789742946624756
0.17037811875343323
0.18906816840171814
0.13327601552009583
0.25851085782051086
0.18559247255325317
0.6271701455116272
0.24437791109085083
0.2918640077114105
0.15945562720298767
0.12479139119386673
0.16609685122966766
0.24077241122722626
0.16602449119091034
0.2687641680240631
0.1926937699317932
0.41419386863708496
0.32026925683021545
0.1493627429008484
0.21123266220092773
0.2748129963874817
0.3045521080493927
0.14080828428268433
0.2995092272758484
0.21762676537036896
0.2620720863342285
0.24056057631969452
0.3265337347984314
0.21953155100345612
0.25389793515205383
0.1620474010705948
0.4601456820964813
0.5578737854957581
0.15662500262260437
0.36632078886032104
0.4136703908443451
0.2845899760723114
0.2135237157344818
0.09794708341360092
0.15096010267734528
0.486971914768219
0.31520289182662964
0.1392631083726883
0.17716650664806366
0.2267676591873169
0.10125189274549484
0.1697179526090622
0.22922126948833466
0.14956317842006683
0.3338867127895355
0.24663184583187103
0.2191050946712494
0.17558589577674866
0.15791921317577362
0.22066213190555573
0.2505868077278137
0.19113194942474365
0.39329543709754944
0.19086195528507233
0.28670886158943176
0.1890002191066742
0.19606375694274902
0.33229655027389526
0.18888737261295319
0.2253900170326233
0.14519566297531128
0.24709546566009521
0.5562710762023926
0.18858127295970917
0.18257296085357666
0.18891099095344543
0.4803938865661621
0.14736048877239227
0.27483898401260376
0.2013695389032364
0.21075209975242615
0.23103109002113342
0.36631152033805847
0.3589647710323334
0.34917330741882324
0.19415350258350372
0.20220713317394257
0.23725028336048126
0.24302029609680176
0.5987904667854309
0.2543675899505615
0.2623996436595917
0.17057983577251434
0.34190383553504944
0.22728340327739716
0.14153890311717987
0.21583043038845062
0.1209045872092247
0.31985118985176086
0.1654079556465149
0.33953964710235596
0.19158315658569336
0.3382818102836609
0.1589672714471817
0.19351235032081604
0.16487741470336914
0.40849220752716064
0.5666053295135498
0.2874302864074707
0.25337108969688416
0.17202261090278625
0.269925594329834
0.2279207408428192
0.43462252616882324
0.13298150897026062
0.2407577931880951
0.15616470575332642
0.16924266517162323
0.24760667979717255
0.4158148765563965
0.219432070851326
0.22701774537563324
0.45714136958122253
0.11888168752193451
0.23244285583496094
0.09735502302646637
0.15708421170711517
0.27551278471946716
0.25518009066581726
0.2094661444425583
0.22864192724227905
0.2544747292995453
0.29786622524261475
0.0753469169139862
0.1949317455291748
0.18163007497787476
0.21530970931053162
0.14058658480644226
0.22959281504154205
0.43717050552368164
0.2556626796722412
0.21385402977466583
0.18034113943576813
0.18496742844581604
0.11653165519237518
0.2370399385690689
0.15061527490615845
0.21920908987522125
0.7096650004386902
0.16529621183872223
0.17982593178749084
0.2110472023487091
0.14374570548534393
0.15643282234668732
0.2527430057525635
0.21539916098117828
0.24378441274166107
0.20520862936973572
0.06918032467365265
0.19193518161773682
0.355623722076416
0.15426242351531982
0.1278141289949417
0.29084622859954834
0.23126858472824097
0.6326441168785095
0.15039250254631042
0.13444076478481293
0.4121182858943939
0.24631758034229279
0.27527716755867004
0.2875179350376129
0.15799878537654877
0.15348568558692932
0.38193461298942566
0.12567070126533508
0.10134200006723404
0.40885716676712036
0.21813605725765228
0.16387924551963806
0.27043119072914124
0.12246975302696228
0.1357552409172058
0.10088245570659637
0.335942804813385
0.4378730356693268
0.20386601984500885
0.1778232455253601
0.4450201988220215
0.39487189054489136
0.19027282297611237
0.38871291279792786
0.3694443106651306
0.4358605146408081
0.9694734811782837
0.2956916093826294
0.21355241537094116
0.23616181313991547
0.2559543550014496
0.1668976992368698
0.26765766739845276
0.4923968017101288
0.1420549899339676
0.21175779402256012
0.3058779239654541
0.9866827726364136
0.3548107445240021
0.32920777797698975
0.2502696216106415
0.25581690669059753
0.23927424848079681
0.19088605046272278
0.2664905786514282
0.28088223934173584
0.768522322177887
0.22376495599746704
0.07031359523534775
0.23472601175308228
0.4565640389919281
0.1488056182861328
0.18161115050315857
0.3350578844547272
0.18539804220199585
0.2980548143386841
0.1558983027935028
0.26640784740448
0.23003804683685303
0.5049313902854919
0.24610397219657898
0.31438112258911133
0.1698853224515915
0.39938995242118835
0.20929697155952454
0.17815415561199188
0.1741081178188324
0.16395922005176544
0.24161610007286072
0.2798055112361908
0.24070791900157928
0.31576400995254517
0.2909211218357086
0.38638970255851746
0.6406424641609192
0.18158891797065735
0.15930131077766418
0.1624399870634079
0.2312755584716797
0.23501893877983093
0.1354154348373413
0.13275307416915894
0.16929486393928528
0.22272080183029175
0.21339324116706848
0.26139238476753235
0.1603344827890396
0.2729922831058502
0.33192360401153564
0.14860528707504272
0.27922654151916504
0.36617806553840637
0.19654901325702667
0.13898734748363495
0.3038589656352997
0.27188989520072937
0.2896188199520111
0.19652140140533447
0.13062138855457306
0.07450069487094879
0.252669095993042
0.1084216982126236
0.29260799288749695
0.2733234167098999
0.2774573564529419
0.24589620530605316
0.3682898283004761
0.5370833277702332
0.5222057104110718
0.3830389380455017
0.3391088843345642
0.24643726646900177
0.13309529423713684
0.166639506816864
0.18356245756149292
0.45261940360069275
0.5654679536819458
0.1665545552968979
0.4007854759693146
0.21597139537334442
0.922615647315979
0.6852964162826538
0.434421181678772
0.25419509410858154
0.060278136283159256
0.29489004611968994
0.2745053768157959
0.17589576542377472
0.1602485626935959
0.1859946846961975
0.28663283586502075
0.19525539875030518
0.25071245431900024
0.1651478111743927
0.17927691340446472
0.32411089539527893
0.2181592881679535
0.48080649971961975
0.1250418871641159
0.16030344367027283
0.12319477647542953
0.12014167010784149
0.10921451449394226
0.2175108641386032
0.4102267026901245
0.4344820976257324
0.2555670440196991
0.27626121044158936
0.26599472761154175
0.2525360584259033
0.12916776537895203
0.1808774471282959
0.2523757219314575
0.5344896912574768
0.311808705329895
0.19623340666294098
0.2797242999076843
0.23540301620960236
0.2290833741426468
0.4866061210632324
0.3652011752128601
0.23975074291229248
0.17961423099040985
0.14704462885856628
0.21358029544353485
0.36050114035606384
0.32327139377593994
0.3225290775299072
0.2276626080274582
0.24685615301132202
0.05695977434515953
0.21626773476600647
0.35564568638801575
0.18819239735603333
0.41517263650894165
0.0902043804526329
0.21064887940883636
0.3387008309364319
0.27122384309768677
0.18761447072029114
0.40957212448120117
0.09539919346570969
0.25021305680274963
0.18161162734031677
0.21516335010528564
0.3369942605495453
0.264568567276001
0.2641572952270508
0.20840467512607574
0.2958812415599823
0.3057112991809845
0.15409818291664124
0.2578648626804352
0.3218165636062622
0.6259745955467224
0.2884536683559418
0.2596363127231598
0.1306338906288147
0.15064220130443573
0.21075335144996643
0.25758811831474304
0.13867342472076416
0.12183035910129547
0.19251585006713867
0.292138010263443
0.2067265659570694
0.27389079332351685
0.26842185854911804
0.30459702014923096
0.15469010174274445
0.17401571571826935
0.28952884674072266
0.7185018062591553
0.17286013066768646
0.34789401292800903
0.21326416730880737
0.16458198428153992
0.20514827966690063
0.14530228078365326
0.1458185315132141
0.20670437812805176
0.22580799460411072
0.22726981341838837
0.18808066844940186
0.29354068636894226
0.19369752705097198
0.1492745280265808
0.2741512656211853
0.6895382404327393
0.25161248445510864
0.1800190806388855
0.2273283302783966
0.23535345494747162
0.18301738798618317
0.2329602688550949
0.2681433856487274
0.23060613870620728
0.16922837495803833
0.2755919098854065
0.2934831380844116
0.7407812476158142
0.16140273213386536
0.3263280391693115
0.20715540647506714
0.2279512882232666
0.296596884727478
0.21282683312892914
0.1370769441127777
0.2472534477710724
0.123243048787117
0.11294346302747726
0.21048402786254883
0.11951804906129837
0.26621150970458984
0.18345710635185242
0.18515343964099884
0.27509593963623047
0.08617755770683289
0.4388319253921509
0.08572254329919815
0.08229011297225952
0.18092311918735504
0.05962744355201721
0.6357737183570862
0.17565658688545227
0.3221025764942169
0.2490086853504181
0.12434612959623337
0.13236188888549805
0.23700259625911713
0.17581866681575775
0.20574456453323364
0.21365712583065033
0.36385348439216614
0.23628756403923035
0.33508822321891785
0.13807447254657745
0.18044741451740265
0.11650437116622925
0.293547660112381
0.14041319489479065
0.2604632079601288
0.3931865394115448
0.22582301497459412
0.28572916984558105
0.2274315506219864
0.458143949508667
0.22817057371139526
0.3006743788719177
0.11783569306135178
